4342 2022ASI-063 3014.00 30140 32.38 97573.33 34.88 11.14 5.95 -14.47 -0.78 -1.17 0.39 0.00
4343 2022ASI-063 3014.10 30141 32.38 97573.33 34.88 11.22 6.39 -14.14 -0.85 -1.17 0.33 0.00
4344 2022ASI-063 3014.20 30142 32.37 97573.49 34.88 11.07 6.15 -14.36 -0.85 -1.17 0.33 -0.14
4345 2022ASI-063 3014.30 30143 32.37 97573.49 34.88 11.53 6.45 -14.26 -0.85 -1.24 0.40 0.00
4346 2022ASI-063 3014.40 30144 32.37 97573.49 34.88 11.38 6.04 -14.58 -0.78 -1.24 0.46 0.00
4347 2022ASI-063 3014.50 30145 32.37 97573.49 34.88 10.73 5.83 -14.77 -0.78 -1.17 0.39 0.00
4348 2022ASI-063 3014.60 30146 32.37 97573.49 34.88 10.16 5.96 -14.49 -0.78 -1.11 0.33 0.00
4349 2022ASI-063 3014.70 30147 32.37 97573.49 34.88 10.81 5.29 -14.94 -0.78 -1.24 0.46 0.00
4350 2022ASI-063 3014.80 30148 32.32 97574.02 34.88 10.47 4.61 -14.72 -0.71 -1.11 0.39 -0.45
4351 2022ASI-063 3014.90 30149 32.32 97574.02 34.88 10.52 4.49 -14.42 -0.65 -1.11 0.46 0.00
4352 2022ASI-063 3015.00 30150 32.32 97574.02 34.88 10.80 4.33 -14.71 -0.65 -1.17 0.53 0.00
4353 2022ASI-063 3015.10 30151 32.32 97574.02 34.88 10.37 4.45 -14.52 -0.65 -1.11 0.46 0.00
4354 2022ASI-063 3015.20 30152 32.32 97574.02 34.88 10.60 4.40 -14.66 -0.65 -1.17 0.53 0.00
4355 2022ASI-063 3015.30 30153 32.32 97574.02 34.88 10.36 4.40 -14.49 -0.65 -1.11 0.46 0.00
4356 2022ASI-063 3015.40 30154 32.32 97574.02 34.88 10.31 4.10 -14.80 -0.65 -1.11 0.46 0.00
4357 2022ASI-063 3015.50 30155 32.32 97574.02 34.88 10.24 4.28 -14.88 -0.71 -1.17 0.46 0.00
4358 2022ASI-063 3015.60 30156 32.32 97574.02 34.88 8.85 -3.26 -14.82 -0.52 -0.97 0.46 0.00
4359 2022ASI-063 3015.70 30157 32.32 97574.02 34.88 9.47 3.29 -15.32 -0.65 -1.10 0.46 0.00
4360 2022ASI-063 3015.80 30158 32.31 97574.19 34.88 8.60 4.22 -13.46 -0.58 -0.91 0.33 -0.14
4361 2022ASI-063 3015.90 30159 32.31 97574.19 34.88 8.56 -3.31 -15.82 -0.64 -1.10 0.46 0.00
4362 2022ASI-063 3016.00 30160 32.31 97574.19 34.88 11.60 5.96 -16.08 -0.91 -1.37 0.46 0.00
4363 2022ASI-063 3016.10 30161 32.32 97574.02 34.88 13.12 5.63 -17.54 -1.03 -1.63 0.60 0.14
4364 2022ASI-063 3016.20 30162 32.32 97574.02 34.88 14.63 6.68 -10.60 -0.52 -1.19 0.66 0.00
4365 2022ASI-063 3016.30 30163 32.32 97574.02 34.88 14.42 8.66 8.26 -0.14 -0.60 0.46 0.00
4366 2022ASI-063 3016.40 30164 32.35 97573.67 34.88 12.40 6.91 9.21 0.13 -0.27 0.40 0.30
4367 2022ASI-063 3016.50 30165 32.35 97573.67 34.88 12.30 6.28 10.03 0.26 -0.20 0.46 0.00
4368 2022ASI-063 3016.60 30166 32.40 97573.12 34.87 13.44 7.14 9.32 0.13 -0.34 0.46 0.47
4369 2022ASI-063 3016.70 30167 32.40 97573.12 34.87 16.51 9.32 8.66 -0.14 -0.67 0.53 0.00
4370 2022ASI-063 3016.80 30168 32.40 97573.12 34.87 13.45 7.06 9.79 0.13 -0.34 0.46 0.00
4371 2022ASI-063 3016.90 30169 32.41 97572.96 34.87 11.21 6.15 14.92 0.66 0.33 0.33 0.14
4372 2022ASI-063 3017.00 30170 32.41 97572.96 34.87 11.88 6.53 12.79 0.46 0.06 0.40 0.00
4373 2022ASI-063 3017.10 30171 32.41 97572.96 34.87 15.87 6.05 6.15 -0.00 -0.80 0.80 0.00
4374 2022ASI-063 3017.20 30172 32.41 97572.97 34.87 12.14 8.55 13.15 0.33 0.06 0.26 -0.00
4375 2022ASI-063 3017.30 30173 32.41 97572.97 34.87 17.38 3.52 -8.39 -0.07 -1.20 1.13 0.00
4376 2022ASI-063 3017.40 30174 32.41 97572.97 34.87 9.99 5.21 11.95 0.52 0.13 0.39 0.00
4377 2022ASI-063 3017.50 30175 32.40 97573.14 34.87 6.46 3.82 16.38 1.06 0.86 0.19 -0.15
4378 2022ASI-063 3017.60 30176 32.40 97573.14 34.87 -6.55 -5.90 22.85 2.00 1.74 0.26 0.00
4379 2022ASI-063 3017.70 30177 32.46 97572.45 34.86 -26.82 -13.76 46.45 4.84 5.57 -0.74 0.60
4380 2022ASI-063 3017.80 30178 32.46 97572.45 34.86 7.54 5.49 -6.09 -0.07 -0.13 0.06 0.00
4381 2022ASI-063 3017.90 30179 32.46 97572.45 34.86 -5.16 4.91 6.01 0.06 0.13 -0.07 0.00
4382 2022ASI-063 3018.00 30180 32.44 97572.62 34.86 6.20 5.62 6.78 0.06 0.06 -0.00 -0.15
4383 2022ASI-063 3018.10 30181 32.44 97572.62 34.86 6.56 6.03 7.02 0.06 0.06 -0.00 0.00
4384 2022ASI-063 3018.20 30182 32.44 97572.62 34.86 7.24 5.78 7.30 0.06 -0.00 0.06 0.00
4385 2022ASI-063 3018.30 30183 32.29 97574.37 34.86 7.26 5.53 8.30 0.19 0.13 0.06 -1.50
4386 2022ASI-063 3018.40 30184 32.29 97574.37 34.86 -5.23 3.56 12.12 0.72 0.66 0.06 0.00
4387 2022ASI-063 3018.50 30185 32.08 97576.83 34.86 -7.63 3.36 -7.39 -0.00 0.13 -0.13 -2.12
4388 2022ASI-063 3018.60 30186 32.08 97576.83 34.86 -8.98 6.03 -8.89 -0.33 0.13 -0.46 0.00
4389 2022ASI-063 3018.70 30187 32.08 97576.83 34.86 -10.27 7.17 -7.75 -0.33 0.32 -0.66 0.00
4390 2022ASI-063 3018.80 30188 31.78 97580.34 34.85 -23.06 -22.80 -25.40 0.26 -0.06 0.32 -3.01
4391 2022ASI-063 3018.90 30189 31.78 97580.34 34.85 12.61 7.12 9.43 0.13 -0.27 0.40 0.00
4392 2022ASI-063 3019.00 30190 31.78 97580.34 34.85 7.93 4.94 8.09 0.19 -0.00 0.20 0.00
4393 2022ASI-063 3019.10 30191 30.86 97591.02 34.84 8.60 9.78 9.14 -0.07 0.06 -0.14 -9.16
4394 2022ASI-063 3019.20 30192 30.86 97591.02 34.84 26.99 -15.76 38.81 4.30 1.13 3.18 0.00
4395 2022ASI-063 3019.30 30193 30.86 97591.02 34.84 -5.29 8.15 -6.43 -0.27 0.06 -0.33 0.00
4396 2022ASI-063 3019.40 30194 30.01 97600.97 34.84 -5.58 7.41 -8.06 -0.40 -0.13 -0.27 -8.55
4397 2022ASI-063 3019.50 30195 30.01 97600.97 34.84 161.00 3.09 83.18 7.64 -10.20 17.06 0.00
4398 2022ASI-063 3019.60 30196 28.82 97614.80 34.83 146.29 3.09 83.18 7.64 -8.07 15.16 -11.86
4399 2022ASI-063 3019.70 30197 28.82 97614.80 34.83 26.62 -8.42 -47.19 -2.68 -5.20 2.54 0.00
4400 2022ASI-063 3019.80 30198 28.82 97614.80 34.83 26.60 -8.11 -47.49 -2.74 -5.20 2.48 0.00
4401 2022ASI-063 3019.90 30199 27.59 97629.17 34.83 8.44 11.13 -7.59 -0.67 -0.39 -0.27 -12.34
4402 2022ASI-063 3020.00 30200 27.59 97629.17 34.83 6.05 6.80 7.00 -0.00 0.06 -0.07 0.00
4403 2022ASI-063 3020.10 30201 26.52 97641.59 34.83 16.57 7.46 -9.50 -0.46 -1.19 0.73 -10.65
4404 2022ASI-063 3020.20 30202 26.52 97641.59 34.83 6.58 9.20 6.95 -0.27 0.06 -0.33 0.00
4405 2022ASI-063 3020.30 30203 26.52 97641.59 34.83 5.54 -7.09 -8.26 0.32 -0.20 0.52 0.00
4406 2022ASI-063 3020.40 30204 25.46 97654.02 34.82 10.74 8.21 -8.75 -0.46 -0.66 0.20 -10.66
4407 2022ASI-063 3020.50 30205 25.46 97654.02 34.82 15.30 5.72 -22.66 -1.47 -2.27 0.80 0.00
4408 2022ASI-063 3020.60 30206 25.46 97654.02 34.82 12.54 15.68 -18.14 -1.97 -1.62 -0.34 0.00
4409 2022ASI-063 3020.70 30207 24.38 97666.58 34.82 -6.48 4.63 -21.74 -1.34 -1.21 -0.13 -10.78
4410 2022ASI-063 3020.80 30208 24.38 97666.58 34.82 9.95 14.18 -16.87 -1.70 -1.30 -0.41 0.00
4411 2022ASI-063 3020.90 30209 23.36 97678.48 34.82 -5.95 7.30 -12.89 -0.78 -0.45 -0.33 -10.21
4412 2022ASI-063 3021.00 30210 23.36 97678.48 34.82 -5.55 6.47 -10.88 -0.52 -0.33 -0.20 0.00
4413 2022ASI-063 3021.10 30211 23.36 97678.48 34.82 8.71 10.56 -14.77 -1.18 -0.97 -0.20 0.00
4414 2022ASI-063 3021.20 30212 22.43 97689.34 34.81 -7.93 6.91 -17.74 -1.17 -0.70 -0.46 -9.31
4415 2022ASI-063 3021.30 30213 22.43 97689.34 34.81 9.17 13.06 -19.15 -1.83 -1.42 -0.41 0.00
4416 2022ASI-063 3021.40 30214 22.43 97689.34 34.81 -5.29 7.23 -15.28 -0.98 -0.71 -0.27 0.00
4417 2022ASI-063 3021.50 30215 21.50 97700.19 34.80 6.94 10.25 -11.95 -0.99 -0.65 -0.34 -9.31
4418 2022ASI-063 3021.60 30216 21.50 97700.19 34.80 -5.59 6.97 -14.59 -0.91 -0.65 -0.27 0.00
4419 2022ASI-063 3021.70 30217 20.64 97710.16 34.80 8.36 11.95 -17.72 -1.57 -1.23 -0.34 -8.55
4420 2022ASI-063 3021.80 30218 20.64 97710.16 34.80 -6.99 8.72 -16.97 -1.24 -0.71 -0.53 0.00
4421 2022ASI-063 3021.90 30219 20.64 97710.16 34.80 7.34 10.10 -15.01 -1.24 -0.91 -0.34 0.00
4422 2022ASI-063 3022.00 30220 19.88 97719.07 34.79 -5.92 7.90 -13.44 -0.91 -0.52 -0.40 -7.63
4423 2022ASI-063 3022.10 30221 19.88 97719.07 34.79 6.10 10.76 -14.84 -1.24 -0.78 -0.47 0.00
4424 2022ASI-063 3022.20 30222 19.13 97727.84 34.78 5.56 8.45 -16.90 -1.24 -0.90 -0.33 -7.52
4425 2022ASI-063 3022.30 30223 19.13 97727.84 34.78 5.97 11.42 -15.74 -1.37 -0.84 -0.53 0.00
4426 2022ASI-063 3022.40 30224 19.13 97727.84 34.78 5.78 8.81 -15.27 -1.11 -0.78 -0.33 0.00
4427 2022ASI-063 3022.50 30225 18.42 97736.08 34.78 6.54 9.88 -15.10 -1.17 -0.84 -0.33 -7.06
4428 2022ASI-063 3022.60 30226 18.42 97736.08 34.78 5.15 9.83 -15.10 -1.17 -0.71 -0.47 0.00
4429 2022ASI-063 3022.70 30227 18.42 97736.08 34.78 6.91 9.60 -16.18 -1.24 -0.97 -0.27 0.00
4430 2022ASI-063 3022.80 30228 17.76 97743.77 34.77 5.32 10.16 -15.27 -1.24 -0.78 -0.47 -6.60
4431 2022ASI-063 3022.90 30229 17.76 97743.77 34.77 5.84 9.67 -15.17 -1.17 -0.78 -0.40 0.00
4432 2022ASI-063 3023.00 30230 17.18 97750.58 34.77 5.78 9.25 -15.36 -1.17 -0.78 -0.40 -5.83
4433 2022ASI-063 3023.10 30231 17.18 97750.58 34.77 5.22 10.42 -15.31 -1.24 -0.71 -0.53 0.00
4434 2022ASI-063 3023.20 30232 17.18 97750.58 34.77 5.89 9.22 -15.97 -1.24 -0.84 -0.40 0.00
4435 2022ASI-063 3023.30 30233 16.59 97757.41 34.76 5.39 10.13 -15.25 -1.24 -0.78 -0.47 -5.85
4436 2022ASI-063 3023.40 30234 16.59 97757.41 34.76 5.71 9.66 -15.12 -1.17 -0.78 -0.40 0.00
4437 2022ASI-063 3023.50 30235 16.59 97757.41 34.76 6.11 9.86 -15.37 -1.17 -0.84 -0.33 0.00
4438 2022ASI-063 3023.60 30236 16.04 97763.88 34.76 5.62 10.21 -15.45 -1.24 -0.78 -0.47 -5.55
4439 2022ASI-063 3023.70 30237 16.04 97763.88 34.76 6.28 10.05 -15.59 -1.24 -0.84 -0.40 0.00
4440 2022ASI-063 3023.80 30238 15.54 97769.67 34.75 79.38 3.02 44.52 3.73 -3.63 7.31 -4.96
4441 2022ASI-063 3025.10 30251 13.30 97795.88 34.74 5.41 9.63 -15.40 -1.17 -0.78 -0.40 -4.05
4442 2022ASI-063 3025.20 30252 13.30 97795.88 34.74 5.62 10.40 -15.35 -1.24 -0.78 -0.47 0.00
4443 2022ASI-063 3025.30 30253 13.30 97795.88 34.74 5.52 9.88 -15.39 -1.17 -0.78 -0.40 0.00
4444 2022ASI-063 3025.40 30254 12.95 97799.94 34.73 5.79 10.17 -15.21 -1.24 -0.78 -0.47 -3.48
4445 2022ASI-063 3025.50 30255 12.95 97799.94 34.73 5.53 10.06 -15.39 -1.24 -0.78 -0.47 0.00
4446 2022ASI-063 3025.60 30256 12.95 97799.94 34.73 5.88 10.19 -15.45 -1.24 -0.78 -0.47 0.00
4447 2022ASI-063 3025.70 30257 12.59 97804.14 34.73 5.56 9.92 -15.14 -1.17 -0.78 -0.40 -3.60
4448 2022ASI-063 3028.70 30287 10.14 97832.68 34.68 5.47 8.96 -13.08 -0.92 -0.58 -0.33 0.00
4449 2022ASI-063 3028.80 30288 10.02 97834.09 34.68 6.38 9.83 -15.71 -1.24 -0.90 -0.33 -1.21
4450 2022ASI-063 3028.90 30289 10.02 97834.09 34.68 6.29 10.37 -16.54 -1.37 -0.97 -0.40 0.00
4451 2022ASI-063 3029.00 30290 9.93 97835.12 34.67 5.67 10.31 -16.11 -1.31 -0.84 -0.47 -0.88
4452 2022ASI-063 3029.10 30291 9.93 97835.12 34.67 5.77 9.71 -14.97 -1.17 -0.78 -0.40 0.00
4453 2022ASI-063 3029.20 30292 9.93 97835.12 34.67 5.70 9.79 -15.01 -1.17 -0.78 -0.40 0.00
4454 2022ASI-063 3029.30 30293 9.81 97836.52 34.66 5.69 9.92 -15.22 -1.24 -0.78 -0.47 -1.20
4455 2022ASI-063 3029.40 30294 9.81 97836.52 34.66 5.73 9.58 -14.82 -1.11 -0.71 -0.40 0.00
4456 2022ASI-063 3029.50 30295 9.81 97836.52 34.66 5.64 10.60 -16.52 -1.37 -0.90 -0.47 0.00
4457 2022ASI-063 3029.60 30296 9.74 97837.41 34.66 5.66 10.69 -17.26 -1.50 -0.97 -0.53 -0.77
4458 2022ASI-063 3029.70 30297 9.74 97837.41 34.66 5.63 9.78 -14.74 -1.11 -0.71 -0.40 0.00
4459 2022ASI-063 3032.10 30321 9.39 97841.45 34.62 5.69 9.41 -14.08 -1.05 -0.65 -0.40 0.00
4460 2022ASI-063 3032.20 30322 9.41 97841.28 34.61 5.70 9.50 -14.35 -1.11 -0.71 -0.40 0.15
4461 2022ASI-063 3032.30 30323 9.41 97841.28 34.61 5.67 9.90 -15.16 -1.17 -0.78 -0.40 0.00
4462 2022ASI-063 3032.40 30324 9.41 97841.28 34.61 5.89 10.96 -17.70 -1.50 -0.97 -0.53 0.00
4463 2022ASI-063 3032.50 30325 9.44 97840.94 34.61 5.75 10.91 -17.32 -1.50 -0.97 -0.53 0.29
4464 2022ASI-063 3032.60 30326 9.44 97840.94 34.61 5.60 9.91 -15.31 -1.17 -0.78 -0.40 0.00
4465 2022ASI-063 3032.70 30327 9.51 97840.08 34.60 5.72 9.30 -13.38 -1.05 -0.65 -0.40 0.74
4466 2022ASI-063 3036.60 30366 10.72 97825.94 34.53 5.85 9.17 -13.38 -1.05 -0.65 -0.40 0.00
4467 2022ASI-063 3036.70 30367 10.88 97824.03 34.52 5.67 8.97 -13.22 -0.92 -0.58 -0.33 1.64
4468 2022ASI-063 3036.80 30368 10.88 97824.03 34.52 5.98 9.39 -14.11 -1.11 -0.71 -0.40 0.00
4469 2022ASI-063 3038.60 30386 11.60 97815.65 34.49 5.69 10.19 -15.72 -1.31 -0.84 -0.47 0.00
4470 2022ASI-063 3038.70 30387 11.60 97815.65 34.49 5.70 10.06 -15.26 -1.24 -0.78 -0.47 0.00
4471 2022ASI-063 3038.80 30388 11.75 97813.91 34.48 5.59 9.86 -14.99 -1.17 -0.78 -0.40 1.48
4472 2022ASI-063 3038.90 30389 11.75 97813.91 34.48 5.65 10.03 -15.19 -1.24 -0.78 -0.47 0.00
4473 2022ASI-063 3039.00 30390 11.81 97813.22 34.48 5.62 9.96 -15.17 -1.24 -0.78 -0.47 0.60
4474 2022ASI-063 3039.10 30391 11.81 97813.22 34.48 5.71 10.02 -15.38 -1.24 -0.78 -0.47 0.00
4475 2022ASI-063 3042.70 30427 12.75 97802.26 34.42 5.58 9.97 -15.03 -1.24 -0.78 -0.47 0.43
4476 2022ASI-063 3042.80 30428 12.75 97802.26 34.42 5.65 9.62 -14.31 -1.11 -0.71 -0.40 0.00
4477 2022ASI-063 3042.90 30429 12.83 97801.36 34.41 5.57 9.81 -14.47 -1.11 -0.71 -0.40 0.77
4478 2022ASI-063 3043.00 30430 12.83 97801.36 34.41 5.71 10.02 -15.44 -1.24 -0.78 -0.47 0.00
4479 2022ASI-063 3044.10 30441 13.15 97797.54 34.39 5.64 9.42 -13.65 -1.05 -0.65 -0.40 0.00
4480 2022ASI-063 3044.20 30442 13.26 97796.32 34.39 5.42 10.44 -16.01 -1.31 -0.84 -0.47 1.05
4481 2022ASI-063 3044.30 30443 13.26 97796.32 34.39 5.95 10.32 -15.91 -1.31 -0.84 -0.47 0.00
4482 2022ASI-063 3045.20 30452 13.51 97793.36 34.37 5.78 10.37 -17.16 -1.43 -0.97 -0.47 0.00
4483 2022ASI-063 3045.30 30453 13.58 97792.50 34.37 5.56 12.18 -18.76 -1.69 -1.09 -0.60 0.73
4484 2022ASI-063 3045.40 30454 13.58 97792.50 34.37 5.38 10.48 -17.04 -1.37 -0.90 -0.47 0.00
4485 2022ASI-063 3045.70 30457 13.65 97791.80 34.37 5.96 8.63 -12.62 -0.92 -0.58 -0.33 0.00
4486 2022ASI-063 3045.80 30458 13.75 97790.56 34.36 5.76 8.90 -13.25 -0.92 -0.58 -0.33 1.06
4487 2022ASI-063 3045.90 30459 13.75 97790.56 34.36 5.33 11.02 -16.64 -1.44 -0.90 -0.53 0.00
4488 2022ASI-063 3046.00 30460 13.75 97790.56 34.36 5.75 10.52 -17.45 -1.43 -0.97 -0.47 0.00
4489 2022ASI-063 3046.10 30461 13.86 97789.34 34.36 5.54 10.06 -14.58 -1.18 -0.71 -0.47 1.05
4490 2022ASI-063 3046.20 30462 13.86 97789.34 34.36 5.60 9.11 -13.26 -0.92 -0.58 -0.33 0.00
4491 2022ASI-063 3046.30 30463 13.93 97788.47 34.35 5.91 9.91 -15.50 -1.17 -0.78 -0.40 0.74
4492 2022ASI-063 3046.40 30464 13.93 97788.47 34.35 5.69 10.94 -17.07 -1.44 -0.90 -0.53 0.00
4493 2022ASI-063 3046.50 30465 13.93 97788.47 34.35 6.09 11.43 -18.77 -1.62 -1.16 -0.47 0.00
4494 2022ASI-063 3046.60 30466 14.00 97787.62 34.35 5.24 11.54 -18.39 -1.63 -0.96 -0.67 0.73
4495 2022ASI-063 3046.70 30467 14.00 97787.62 34.35 5.90 10.02 -15.15 -1.24 -0.78 -0.47 0.00
4496 2022ASI-063 3046.80 30468 14.11 97786.38 34.34 5.40 9.24 -13.41 -1.05 -0.65 -0.40 1.06
4497 2022ASI-063 3046.90 30469 14.11 97786.38 34.34 5.54 7.64 -9.04 -0.46 -0.26 -0.20 0.00
4498 2022ASI-063 3047.00 30470 14.11 97786.38 34.34 5.85 8.95 -13.51 -0.98 -0.65 -0.33 0.00
4499 2022ASI-063 3047.10 30471 14.21 97785.17 34.34 5.94 10.98 -17.61 -1.50 -0.97 -0.53 1.03
4500 2022ASI-063 3047.20 30472 14.21 97785.17 34.34 -5.14 10.89 -15.73 -1.37 -0.77 -0.60 0.00
4501 2022ASI-063 3049.00 30490 14.84 97777.84 34.31 5.64 9.89 -14.49 -1.11 -0.71 -0.40 0.00
4502 2022ASI-063 3049.10 30491 14.84 97777.84 34.31 5.56 9.69 -15.01 -1.17 -0.78 -0.40 0.00
4503 2022ASI-063 3049.20 30492 14.95 97776.62 34.31 5.83 10.36 -16.24 -1.31 -0.84 -0.47 1.05
4504 2022ASI-063 3049.30 30493 14.95 97776.62 34.31 5.34 10.45 -16.20 -1.31 -0.84 -0.47 0.00
4505 2022ASI-063 3049.40 30494 14.95 97776.62 34.31 5.77 10.03 -15.94 -1.31 -0.84 -0.47 0.00
4506 2022ASI-063 3049.50 30495 15.03 97775.60 34.30 5.37 10.51 -16.43 -1.37 -0.90 -0.47 0.87
4507 2022ASI-063 3051.40 30514 15.77 97767.05 34.27 5.58 10.17 -16.12 -1.31 -0.84 -0.47 0.00
4508 2022ASI-063 3051.70 30517 15.87 97765.83 34.26 5.83 9.34 -14.13 -1.11 -0.71 -0.40 0.00
4509 2022ASI-063 3051.80 30518 15.99 97764.41 34.26 5.45 9.22 -13.14 -0.98 -0.58 -0.40 1.22
4510 2022ASI-063 3051.90 30519 15.99 97764.41 34.26 5.79 9.80 -14.92 -1.17 -0.78 -0.40 0.00
4511 2022ASI-063 3052.00 30520 15.99 97764.41 34.26 5.65 10.03 -15.48 -1.24 -0.78 -0.47 0.00
4512 2022ASI-063 3052.10 30521 16.11 97763.02 34.25 5.68 11.40 -18.14 -1.56 -1.03 -0.53 1.20
4513 2022ASI-063 3052.20 30522 16.11 97763.02 34.25 5.66 10.08 -15.75 -1.31 -0.84 -0.47 0.00
4514 2022ASI-063 3052.30 30523 16.20 97761.98 34.25 5.53 10.01 -14.81 -1.18 -0.71 -0.47 0.89
4515 2022ASI-063 3052.40 30524 16.20 97761.98 34.25 5.78 9.86 -15.08 -1.17 -0.78 -0.40 0.00
4516 2022ASI-063 3052.50 30525 16.20 97761.98 34.25 5.85 9.25 -13.07 -0.98 -0.58 -0.40 0.00
4517 2022ASI-063 3052.60 30526 16.33 97760.44 34.25 5.68 9.02 -13.21 -0.92 -0.58 -0.33 1.32
4518 2022ASI-063 3052.70 30527 16.33 97760.44 34.25 5.69 10.18 -15.80 -1.31 -0.84 -0.47 0.00
4519 2022ASI-063 3052.80 30528 16.33 97760.44 34.25 5.57 12.12 -19.68 -1.75 -1.15 -0.60 0.00
4520 2022ASI-063 3052.90 30529 16.45 97759.02 34.24 5.60 9.77 -14.28 -1.11 -0.71 -0.40 1.22
4521 2022ASI-063 3053.00 30530 16.45 97759.02 34.24 5.64 8.88 -12.57 -0.85 -0.52 -0.33 0.00
4522 2022ASI-063 3053.10 30531 16.57 97757.62 34.24 5.94 10.09 -15.82 -1.31 -0.84 -0.47 1.19
4523 2022ASI-063 3053.20 30532 16.57 97757.62 34.24 5.64 10.30 -15.29 -1.24 -0.78 -0.47 0.00
4524 2022ASI-063 3053.30 30533 16.57 97757.62 34.24 5.68 9.79 -14.95 -1.17 -0.78 -0.40 0.00
4525 2022ASI-063 3053.40 30534 16.69 97756.23 34.23 5.71 10.27 -15.63 -1.24 -0.78 -0.47 1.19
4526 2022ASI-063 3053.50 30535 16.69 97756.23 34.23 5.49 10.95 -17.43 -1.50 -0.97 -0.53 0.00
4527 2022ASI-063 3053.60 30536 16.81 97754.81 34.23 5.75 10.40 -16.09 -1.31 -0.84 -0.47 1.22
4528 2022ASI-063 3054.60 30546 17.20 97750.31 34.21 5.71 9.65 -13.81 -1.05 -0.65 -0.40 0.00
4529 2022ASI-063 3054.70 30547 17.35 97748.55 34.21 5.99 9.93 -14.51 -1.18 -0.71 -0.47 1.51
4530 2022ASI-063 3054.80 30548 17.35 97748.55 34.21 5.93 9.41 -14.68 -1.11 -0.71 -0.40 0.00
4531 2022ASI-063 3054.90 30549 17.49 97746.98 34.20 5.52 11.22 -17.74 -1.50 -0.97 -0.53 1.34
4532 2022ASI-063 3055.00 30550 17.49 97746.98 34.20 5.74 10.66 -16.86 -1.37 -0.90 -0.47 0.00
4533 2022ASI-063 3055.10 30551 17.49 97746.98 34.20 5.57 10.37 -16.19 -1.31 -0.84 -0.47 0.00
4534 2022ASI-063 3055.20 30552 17.62 97745.41 34.20 5.56 9.83 -14.34 -1.11 -0.71 -0.40 1.36
4535 2022ASI-063 3055.30 30553 17.62 97745.41 34.20 5.68 9.02 -13.27 -0.92 -0.58 -0.33 0.00
4536 2022ASI-063 3055.40 30554 17.62 97745.41 34.20 5.62 9.09 -13.07 -0.92 -0.58 -0.33 0.00
4537 2022ASI-063 3055.50 30555 17.77 97743.67 34.20 5.75 9.89 -14.84 -1.11 -0.71 -0.40 1.49
4538 2022ASI-063 3055.60 30556 17.77 97743.67 34.20 5.74 10.92 -17.52 -1.50 -0.97 -0.53 0.00
4539 2022ASI-063 3055.70 30557 17.92 97741.92 34.19 5.57 9.89 -14.72 -1.11 -0.71 -0.40 1.50
4540 2022ASI-063 3055.80 30558 17.92 97741.92 34.19 5.65 10.18 -15.22 -1.24 -0.78 -0.47 0.00
4541 2022ASI-063 3055.90 30559 17.92 97741.92 34.19 5.80 10.15 -15.62 -1.24 -0.78 -0.47 0.00
4542 2022ASI-063 3056.00 30560 18.02 97740.71 34.19 5.72 10.54 -15.77 -1.31 -0.84 -0.47 1.04
4543 2022ASI-063 3056.10 30561 18.02 97740.71 34.19 5.81 9.76 -14.99 -1.17 -0.78 -0.40 0.00
4544 2022ASI-063 3056.20 30562 18.02 97740.71 34.19 5.58 10.06 -14.97 -1.24 -0.78 -0.47 0.00
4545 2022ASI-063 3056.30 30563 18.19 97738.80 34.18 5.76 10.86 -17.37 -1.50 -0.97 -0.53 1.65
4546 2022ASI-063 3056.40 30564 18.19 97738.80 34.18 5.59 10.25 -15.93 -1.31 -0.84 -0.47 0.00
4547 2022ASI-063 3056.50 30565 18.35 97736.86 34.18 5.69 10.10 -15.08 -1.24 -0.78 -0.47 1.66
4548 2022ASI-063 3056.60 30566 18.35 97736.86 34.18 5.87 9.30 -13.45 -1.05 -0.65 -0.40 0.00
4549 2022ASI-063 3056.70 30567 18.35 97736.86 34.18 5.97 8.89 -12.92 -0.92 -0.58 -0.33 0.00
4550 2022ASI-063 3056.80 30568 18.50 97735.14 34.17 5.70 10.10 -15.95 -1.31 -0.84 -0.47 1.48
4551 2022ASI-063 3056.90 30569 18.50 97735.14 34.17 5.52 10.75 -16.52 -1.44 -0.90 -0.53 0.00
4552 2022ASI-063 3057.00 30570 18.62 97733.74 34.17 5.73 9.52 -14.36 -1.11 -0.71 -0.40 1.20
4553 2022ASI-063 3057.10 30571 18.62 97733.74 34.17 5.50 10.62 -16.14 -1.31 -0.84 -0.47 0.00
4554 2022ASI-063 3057.20 30572 18.62 97733.74 34.17 5.66 10.31 -16.01 -1.31 -0.84 -0.47 0.00
4555 2022ASI-063 3057.30 30573 18.79 97731.80 34.16 5.68 9.85 -15.12 -1.17 -0.78 -0.40 1.66
4556 2022ASI-063 3057.40 30574 18.79 97731.80 34.16 5.55 10.01 -14.94 -1.24 -0.78 -0.47 0.00
4557 2022ASI-063 3057.50 30575 18.79 97731.80 34.16 5.71 9.47 -14.37 -1.11 -0.71 -0.40 0.00
4558 2022ASI-063 3057.60 30576 18.94 97730.06 34.16 5.65 11.26 -17.96 -1.56 -1.03 -0.53 1.50
4559 2022ASI-063 3057.70 30577 18.94 97730.06 34.16 5.74 10.47 -15.99 -1.31 -0.84 -0.47 0.00
4560 2022ASI-063 3057.80 30578 19.07 97728.50 34.15 5.92 9.76 -14.96 -1.17 -0.78 -0.40 1.34
4561 2022ASI-063 3057.90 30579 19.07 97728.50 34.15 5.26 9.38 -13.50 -1.05 -0.65 -0.40 0.00
4562 2022ASI-063 3058.00 30580 19.07 97728.50 34.15 6.82 9.28 -12.77 -0.98 -0.72 -0.27 0.00
4563 2022ASI-063 3058.10 30581 19.25 97726.41 34.15 5.39 9.53 -14.68 -1.11 -0.71 -0.40 1.79
4564 2022ASI-063 3058.20 30582 19.25 97726.41 34.15 5.80 11.24 -17.15 -1.44 -0.90 -0.53 0.00
4565 2022ASI-063 3058.30 30583 19.41 97724.48 34.14 5.49 10.08 -16.03 -1.31 -0.84 -0.47 1.65
4566 2022ASI-063 3058.40 30584 19.41 97724.48 34.14 5.62 9.90 -14.12 -1.11 -0.71 -0.40 0.00
4567 2022ASI-063 3058.50 30585 19.41 97724.48 34.14 5.59 10.02 -16.26 -1.31 -0.84 -0.47 0.00
4568 2022ASI-063 3058.60 30586 19.58 97722.58 34.14 5.69 10.67 -15.90 -1.31 -0.84 -0.47 1.64
4569 2022ASI-063 3058.70 30587 19.58 97722.58 34.14 5.78 8.91 -12.54 -0.85 -0.52 -0.33 0.00
4570 2022ASI-063 3058.80 30588 19.58 97722.58 34.14 5.74 10.85 -18.25 -1.56 -1.03 -0.53 0.00
4571 2022ASI-063 3058.90 30589 19.73 97720.83 34.14 5.60 11.36 -16.72 -1.44 -0.90 -0.53 1.50
4572 2022ASI-063 3059.00 30590 19.73 97720.83 34.14 5.75 9.38 -14.82 -1.11 -0.71 -0.40 0.00
4573 2022ASI-063 3059.90 30599 20.44 97712.47 34.12 5.60 9.83 -14.48 -1.11 -0.71 -0.40 2.06
4574 2022ASI-063 3060.00 30600 20.44 97712.47 34.12 5.49 10.18 -15.91 -1.31 -0.84 -0.47 0.00
4575 2022ASI-063 3060.10 30601 20.44 97712.47 34.12 5.56 11.75 -19.25 -1.69 -1.09 -0.60 0.00
4576 2022ASI-063 3060.20 30602 20.63 97710.34 34.11 5.46 10.20 -15.04 -1.24 -0.78 -0.47 1.82
4577 2022ASI-063 3060.30 30603 20.63 97710.34 34.11 6.18 9.06 -13.15 -0.92 -0.65 -0.27 0.00
4578 2022ASI-063 3060.40 30604 20.79 97708.43 34.11 5.82 8.85 -13.08 -0.92 -0.58 -0.33 1.64
4579 2022ASI-063 3060.50 30605 20.79 97708.43 34.11 5.54 9.56 -13.63 -1.05 -0.65 -0.40 0.00
4580 2022ASI-063 3060.60 30606 20.79 97708.43 34.11 5.69 11.86 -20.07 -1.75 -1.15 -0.60 0.00
4581 2022ASI-063 3060.70 30607 20.97 97706.34 34.10 5.46 10.14 -14.51 -1.18 -0.71 -0.47 1.79
4582 2022ASI-063 3060.80 30608 20.97 97706.34 34.10 5.77 8.57 -12.76 -0.92 -0.58 -0.33 0.00
4583 2022ASI-063 3060.90 30609 20.97 97706.34 34.10 5.67 10.89 -16.95 -1.44 -0.90 -0.53 0.00
4584 2022ASI-063 3061.00 30610 21.13 97704.42 34.10 5.88 9.75 -13.62 -1.05 -0.65 -0.40 1.65
4585 2022ASI-063 3061.10 30611 21.13 97704.42 34.10 6.13 10.47 -18.64 -1.49 -1.09 -0.40 0.00
4586 2022ASI-063 3061.20 30612 21.33 97702.16 34.10 5.39 10.89 -16.32 -1.37 -0.84 -0.53 1.94
4587 2022ASI-063 3061.30 30613 21.33 97702.16 34.10 5.92 9.81 -15.50 -1.17 -0.78 -0.40 0.00
4588 2022ASI-063 3061.40 30614 21.33 97702.16 34.10 5.74 9.48 -13.92 -1.05 -0.65 -0.40 0.00
4589 2022ASI-063 3061.50 30615 21.52 97699.89 34.09 5.27 8.49 -11.36 -0.79 -0.46 -0.33 1.94
4590 2022ASI-063 3061.60 30616 21.52 97699.89 34.09 6.29 10.58 -16.80 -1.37 -0.97 -0.40 0.00
4591 2022ASI-063 3061.70 30617 21.72 97697.62 34.09 5.21 10.81 -16.58 -1.44 -0.84 -0.60 1.94
4592 2022ASI-063 3061.80 30618 21.72 97697.62 34.09 5.76 9.73 -14.37 -1.11 -0.71 -0.40 0.00
4593 2022ASI-063 3061.90 30619 21.72 97697.62 34.09 6.64 9.58 -14.88 -1.17 -0.84 -0.33 0.00
4594 2022ASI-063 3062.00 30620 21.87 97695.88 34.08 -5.47 11.16 -16.85 -1.44 -0.84 -0.60 1.50
4595 2022ASI-063 3062.10 30621 21.87 97695.88 34.08 6.32 9.69 -14.41 -1.11 -0.78 -0.33 0.00
4596 2022ASI-063 3062.20 30622 21.87 97695.88 34.08 -5.17 11.19 -18.63 -1.56 -0.96 -0.60 0.00
4597 2022ASI-063 3062.30 30623 22.05 97693.77 34.08 5.69 9.39 -12.28 -0.92 -0.52 -0.40 1.81
4598 2022ASI-063 3062.40 30624 22.05 97693.77 34.08 5.69 8.46 -13.95 -0.98 -0.65 -0.33 0.00
4599 2022ASI-063 3062.50 30625 22.21 97691.84 34.08 5.78 9.14 -11.73 -0.79 -0.46 -0.33 1.65
4600 2022ASI-063 3062.60 30626 22.21 97691.84 34.08 5.29 10.75 -18.26 -1.56 -1.03 -0.53 0.00
4601 2022ASI-063 3062.70 30627 22.21 97691.84 34.08 5.99 9.71 -13.69 -1.05 -0.65 -0.40 0.00
4602 2022ASI-063 3062.80 30628 22.37 97689.96 34.07 5.19 10.31 -17.12 -1.37 -0.84 -0.53 1.62
4603 2022ASI-063 3062.90 30629 22.37 97689.96 34.07 6.10 10.30 -15.00 -1.24 -0.84 -0.40 0.00
4604 2022ASI-063 3063.00 30630 22.52 97688.22 34.07 5.38 9.70 -15.41 -1.17 -0.78 -0.40 1.49
4605 2022ASI-063 3063.10 30631 22.52 97688.22 34.07 5.82 10.36 -15.18 -1.24 -0.78 -0.47 0.00
4606 2022ASI-063 3063.20 30632 22.52 97688.22 34.07 5.62 10.27 -16.18 -1.31 -0.84 -0.47 0.00
4607 2022ASI-063 3063.30 30633 22.63 97686.98 34.06 5.77 10.48 -15.98 -1.31 -0.84 -0.47 1.07
4608 2022ASI-063 3063.40 30634 22.63 97686.98 34.06 5.33 10.19 -16.31 -1.31 -0.84 -0.47 0.00
4609 2022ASI-063 3063.50 30635 22.63 97686.98 34.06 5.89 10.74 -16.45 -1.44 -0.90 -0.53 0.00
4610 2022ASI-063 3063.60 30636 22.78 97685.23 34.06 5.67 10.57 -16.10 -1.31 -0.84 -0.47 1.49
4611 2022ASI-063 3063.70 30637 22.78 97685.23 34.06 5.69 9.48 -14.25 -1.11 -0.71 -0.40 0.00
4612 2022ASI-063 3063.80 30638 22.90 97683.84 34.06 5.71 12.01 -19.25 -1.69 -1.09 -0.60 1.19
4613 2022ASI-063 3063.90 30639 22.90 97683.84 34.06 5.44 9.87 -14.85 -1.11 -0.71 -0.40 0.00
4614 2022ASI-063 3064.00 30640 22.90 97683.84 34.06 5.26 10.19 -13.58 -1.11 -0.65 -0.47 0.00
4615 2022ASI-063 3064.10 30641 23.08 97681.75 34.05 5.73 8.32 -12.76 -0.85 -0.58 -0.27 1.80
4616 2022ASI-063 3064.20 30642 23.08 97681.75 34.05 5.67 8.96 -12.58 -0.85 -0.52 -0.33 0.00
4617 2022ASI-063 3064.30 30643 23.24 97679.84 34.05 5.17 11.39 -17.93 -1.56 -0.96 -0.60 1.64
4618 2022ASI-063 3064.40 30644 23.24 97679.84 34.05 6.12 10.47 -17.21 -1.43 -1.03 -0.40 0.00
4619 2022ASI-063 3064.50 30645 23.24 97679.84 34.05 5.50 10.86 -15.66 -1.37 -0.84 -0.53 0.00
4620 2022ASI-063 3064.60 30646 23.41 97677.92 34.04 5.85 9.47 -14.87 -1.17 -0.78 -0.40 1.64
4621 2022ASI-063 3064.70 30647 23.41 97677.92 34.04 5.49 10.08 -14.64 -1.18 -0.71 -0.47 0.00
4622 2022ASI-063 3064.80 30648 23.41 97677.92 34.04 -5.78 9.88 -15.94 -1.24 -0.71 -0.53 0.00
4623 2022ASI-063 3064.90 30649 23.59 97675.83 34.04 6.44 11.04 -16.58 -1.44 -0.97 -0.47 1.79
4624 2022ASI-063 3065.00 30650 23.59 97675.83 34.04 -5.37 9.05 -13.39 -0.98 -0.58 -0.40 0.00
4625 2022ASI-063 3065.10 30651 23.78 97673.56 34.03 6.19 9.83 -13.87 -1.05 -0.71 -0.33 1.95
4626 2022ASI-063 3065.20 30652 23.78 97673.56 34.03 5.14 8.86 -13.97 -0.98 -0.58 -0.40 0.00
4627 2022ASI-063 3065.30 30653 23.78 97673.56 34.03 5.74 9.82 -12.74 -0.98 -0.58 -0.40 0.00
4628 2022ASI-063 3065.40 30654 23.98 97671.27 34.03 5.37 10.14 -18.53 -1.49 -1.03 -0.47 1.96
4629 2022ASI-063 3065.50 30655 23.98 97671.27 34.03 5.70 11.40 -15.75 -1.37 -0.84 -0.53 0.00
4630 2022ASI-063 3065.60 30656 24.13 97669.53 34.02 5.56 9.26 -15.57 -1.17 -0.78 -0.40 1.49
4631 2022ASI-063 3065.70 30657 24.13 97669.53 34.02 6.51 8.97 -12.11 -0.85 -0.59 -0.27 0.00
4632 2022ASI-063 3065.80 30658 24.13 97669.53 34.02 7.24 8.56 -15.61 -1.11 -0.91 -0.20 0.00
4633 2022ASI-063 3065.90 30659 24.32 97667.29 34.02 6.87 9.99 -15.08 -1.24 -0.91 -0.34 1.92
4634 2022ASI-063 3066.00 30660 24.32 97667.29 34.02 5.59 10.65 -16.51 -1.37 -0.90 -0.47 0.00
4635 2022ASI-063 3066.10 30661 24.32 97667.29 34.02 6.04 9.25 -14.08 -1.05 -0.71 -0.33 0.00
4636 2022ASI-063 3066.20 30662 24.50 97665.17 34.01 5.20 10.76 -16.34 -1.37 -0.77 -0.60 1.82
4637 2022ASI-063 3066.30 30663 24.50 97665.17 34.01 5.73 9.82 -14.22 -1.11 -0.71 -0.40 0.00
4638 2022ASI-063 3066.40 30664 24.62 97663.78 34.01 5.71 10.08 -16.35 -1.31 -0.84 -0.47 1.19
4639 2022ASI-063 3066.50 30665 24.62 97663.78 34.01 5.40 11.76 -17.67 -1.57 -0.97 -0.60 0.00
4640 2022ASI-063 3066.60 30666 24.62 97663.78 34.01 5.48 10.94 -17.83 -1.50 -0.97 -0.53 0.00
4641 2022ASI-063 3066.70 30667 24.75 97662.22 34.01 6.16 10.94 -15.67 -1.37 -0.90 -0.47 1.34
4642 2022ASI-063 3066.80 30668 24.75 97662.22 34.01 6.03 9.70 -15.53 -1.17 -0.84 -0.33 0.00
4643 2022ASI-063 3066.90 30669 24.89 97659.95 34.00 5.16 9.86 -13.93 -1.05 -0.58 -0.47 1.36
4644 2022ASI-063 3067.00 30670 24.95 97659.95 34.00 5.85 9.39 -13.75 -1.05 -0.65 -0.40 0.59
4645 2022ASI-063 3067.10 30671 24.95 97659.95 34.00 5.37 6.74 -8.06 -0.33 -0.20 -0.13 0.00
4646 2022ASI-063 3067.20 30672 25.14 97657.66 34.00 5.29 13.62 -22.44 -2.08 -1.34 -0.74 1.96
4647 2022ASI-063 3067.30 30673 25.14 97657.66 34.00 5.68 9.69 -13.99 -1.05 -0.65 -0.40 0.00
4648 2022ASI-063 3067.40 30674 25.14 97657.66 34.00 5.37 9.76 -14.27 -1.11 -0.71 -0.40 0.00
4649 2022ASI-063 3067.50 30675 25.29 97655.95 33.99 5.49 9.85 -15.91 -1.24 -0.84 -0.40 1.47
4650 2022ASI-063 3067.60 30676 25.29 97655.95 33.99 5.62 10.36 -15.20 -1.24 -0.78 -0.47 0.00
4651 2022ASI-063 3067.70 30677 25.41 97654.55 33.99 5.70 10.27 -15.14 -1.24 -0.78 -0.47 1.20
4652 2022ASI-063 3067.80 30678 25.41 97654.55 33.99 5.60 9.83 -14.99 -1.17 -0.78 -0.40 0.00
4653 2022ASI-063 3067.90 30679 25.41 97654.55 33.99 5.62 10.66 -16.08 -1.31 -0.84 -0.47 0.00
4654 2022ASI-063 3068.00 30680 25.55 97652.98 33.98 5.54 9.58 -14.52 -1.11 -0.71 -0.40 1.35
4655 2022ASI-063 3068.10 30681 25.55 97652.98 33.98 5.79 10.99 -16.81 -1.44 -0.90 -0.53 0.00
4656 2022ASI-063 3068.20 30682 25.55 97652.98 33.98 5.50 9.96 -14.56 -1.18 -0.71 -0.47 0.00
4657 2022ASI-063 3068.30 30683 25.67 97651.57 33.98 5.77 10.21 -15.51 -1.24 -0.78 -0.47 1.21
4658 2022ASI-063 3068.40 30684 25.67 97651.57 33.98 5.53 10.03 -15.21 -1.24 -0.78 -0.47 0.00
4659 2022ASI-063 3068.50 30685 25.76 97650.53 33.98 5.43 9.81 -15.05 -1.17 -0.78 -0.40 0.89
4660 2022ASI-063 3068.60 30686 25.76 97650.53 33.98 5.68 9.83 -15.71 -1.24 -0.84 -0.40 0.00
4661 2022ASI-063 3068.70 30687 25.76 97650.53 33.98 5.50 10.85 -16.48 -1.44 -0.90 -0.53 0.00
4662 2022ASI-063 3068.80 30688 25.88 97649.14 33.97 5.61 11.77 -19.00 -1.69 -1.09 -0.60 1.20
4663 2022ASI-063 3068.90 30689 25.88 97649.14 33.97 5.56 10.80 -16.64 -1.44 -0.90 -0.53 0.00
4664 2022ASI-063 3069.00 30690 25.98 97647.92 33.97 5.51 10.58 -16.49 -1.37 -0.90 -0.47 1.04
4665 2022ASI-063 3069.10 30691 25.98 97647.92 33.97 5.55 9.09 -12.20 -0.85 -0.52 -0.33 0.00
4666 2022ASI-063 3069.20 30692 25.98 97647.92 33.97 5.43 7.19 -8.50 -0.40 -0.20 -0.20 0.00
4667 2022ASI-063 3069.30 30693 26.08 97646.70 33.96 6.12 10.35 -16.18 -1.31 -0.90 -0.40 1.05
4668 2022ASI-063 3069.40 30694 26.08 97646.70 33.96 5.60 10.87 -16.52 -1.44 -0.90 -0.53 0.00
4669 2022ASI-063 3069.50 30695 26.08 97646.70 33.96 5.63 10.03 -15.43 -1.24 -0.78 -0.47 0.00
4670 2022ASI-063 3069.60 30696 26.23 97644.96 33.96 6.01 10.56 -15.74 -1.31 -0.84 -0.47 1.50
4671 2022ASI-063 3069.70 30697 26.23 97644.96 33.96 5.40 10.47 -15.88 -1.31 -0.84 -0.47 0.00
4672 2022ASI-063 3069.80 30698 26.37 97643.39 33.95 6.74 11.03 -16.46 -1.44 -0.97 -0.47 1.35
4673 2022ASI-063 3069.90 30699 26.37 97643.39 33.95 6.15 11.26 -17.27 -1.50 -1.03 -0.47 0.00
4674 2022ASI-063 3070.00 30700 26.37 97643.39 33.95 5.39 9.94 -15.45 -1.24 -0.78 -0.47 0.00
4675 2022ASI-063 3070.10 30701 26.52 97641.62 33.95 5.79 8.47 -11.55 -0.79 -0.46 -0.33 1.51
4676 2022ASI-063 3070.20 30702 26.52 97641.62 33.95 5.66 8.09 -11.33 -0.72 -0.46 -0.27 0.00
4677 2022ASI-063 3070.30 30703 26.68 97639.73 33.94 5.70 10.32 -16.13 -1.31 -0.84 -0.47 1.62
4678 2022ASI-063 3070.40 30704 26.68 97639.73 33.94 6.41 10.80 -16.22 -1.37 -0.90 -0.47 0.00
4679 2022ASI-063 3070.50 30705 26.68 97639.73 33.94 6.36 9.51 -14.34 -1.11 -0.78 -0.33 0.00
4680 2022ASI-063 3070.60 30706 26.82 97638.17 33.94 7.81 11.72 -13.86 -1.25 -0.84 -0.40 1.34
4681 2022ASI-063 3070.70 30707 26.82 97638.17 33.94 6.22 10.39 -15.81 -1.31 -0.90 -0.40 0.00
4682 2022ASI-063 3070.80 30708 26.82 97638.17 33.94 9.94 16.40 -14.04 -1.65 -1.04 -0.61 0.00
4683 2022ASI-063 3070.90 30709 26.97 97636.44 33.94 6.45 12.06 -17.77 -1.57 -1.03 -0.54 1.49
4684 2022ASI-063 3071.00 30710 26.97 97636.44 33.94 -5.40 9.13 -15.34 -1.11 -0.71 -0.40 0.00
4685 2022ASI-063 3071.10 30711 27.13 97634.48 33.93 5.86 9.01 -11.26 -0.79 -0.46 -0.33 1.67
4686 2022ASI-063 3071.20 30712 27.13 97634.48 33.93 5.51 7.19 -8.94 -0.46 -0.26 -0.20 0.00
4687 2022ASI-063 3071.30 30713 27.13 97634.48 33.93 6.31 9.51 -14.26 -1.11 -0.78 -0.33 0.00
4688 2022ASI-063 3071.40 30714 27.31 97632.41 33.93 -6.02 9.57 -13.35 -1.05 -0.52 -0.53 1.79
4689 2022ASI-063 3071.50 30715 27.31 97632.41 33.93 6.67 9.48 -13.49 -1.05 -0.71 -0.33 0.00
4690 2022ASI-063 3071.60 30716 27.46 97630.66 33.92 -6.66 13.27 -26.38 -2.45 -1.52 -0.93 1.50
4691 2022ASI-063 3071.70 30717 27.46 97630.66 33.92 5.21 10.81 -15.88 -1.37 -0.77 -0.60 0.00
4692 2022ASI-063 3071.80 30718 27.46 97630.66 33.92 6.46 9.28 -14.92 -1.17 -0.84 -0.33 0.00
4693 2022ASI-063 3071.90 30719 27.58 97629.30 33.92 5.14 10.85 -14.16 -1.24 -0.65 -0.60 1.17
4694 2022ASI-063 3072.00 30720 27.58 97629.30 33.92 10.18 11.13 -12.74 -1.12 -0.98 -0.14 0.00
4695 2022ASI-063 3072.10 30721 27.58 97629.30 33.92 5.95 9.71 -14.38 -1.11 -0.71 -0.40 0.00
4696 2022ASI-063 3072.20 30722 27.73 97627.53 33.91 5.55 10.17 -14.77 -1.18 -0.71 -0.47 1.51
4697 2022ASI-063 3072.30 30723 27.73 97627.53 33.91 6.15 11.75 -13.98 -1.25 -0.71 -0.54 0.00
4698 2022ASI-063 3072.40 30724 27.83 97626.31 33.91 8.70 14.26 -18.65 -1.83 -1.29 -0.54 1.05
4699 2022ASI-063 3072.50 30725 27.83 97626.31 33.91 -5.29 8.50 -13.94 -0.98 -0.58 -0.40 0.00
4700 2022ASI-063 3072.60 30726 27.83 97626.31 33.91 7.52 11.29 -14.46 -1.24 -0.84 -0.40 0.00
4701 2022ASI-063 3072.70 30727 27.97 97624.72 33.90 -6.90 9.72 -15.31 -1.17 -0.58 -0.60 1.37
4702 2022ASI-063 3072.80 30728 27.97 97624.72 33.90 8.47 10.27 -15.01 -1.24 -1.04 -0.20 0.00
4703 2022ASI-063 3072.90 30729 27.97 97624.72 33.90 -7.95 9.54 -15.61 -1.17 -0.51 -0.66 0.00
4704 2022ASI-063 3073.00 30730 28.11 97623.16 33.89 8.25 10.43 -14.78 -1.18 -0.91 -0.27 1.34
4705 2022ASI-063 3073.10 30731 28.11 97623.16 33.89 5.44 10.37 -15.52 -1.24 -0.78 -0.47 0.00
4706 2022ASI-063 3073.20 30732 28.25 97621.41 33.89 -5.71 8.27 -14.56 -0.98 -0.65 -0.33 1.50
4707 2022ASI-063 3073.30 30733 28.25 97621.41 33.89 6.30 10.60 -15.08 -1.24 -0.84 -0.40 0.00
4708 2022ASI-063 3073.40 30734 28.25 97621.41 33.89 5.79 10.18 -15.87 -1.31 -0.84 -0.47 0.00
4709 2022ASI-063 3073.50 30735 28.39 97619.88 33.88 -5.90 10.30 -18.25 -1.49 -0.90 -0.60 1.32
4710 2022ASI-063 3073.60 30736 28.39 97619.88 33.88 7.11 11.77 -15.70 -1.44 -0.97 -0.47 0.00
4711 2022ASI-063 3073.70 30737 28.55 97617.94 33.88 -5.39 7.93 -12.60 -0.85 -0.52 -0.33 1.66
4712 2022ASI-063 3073.80 30738 28.55 97617.94 33.88 5.77 8.76 -11.43 -0.79 -0.46 -0.33 0.00
4713 2022ASI-063 3073.90 30739 28.55 97617.94 33.88 -13.53 4.20 -18.84 -1.03 -0.32 -0.71 0.00
4714 2022ASI-063 3074.00 30740 28.70 97616.20 33.87 5.69 10.23 -16.69 -1.37 -0.90 -0.47 1.49
4715 2022ASI-063 3074.10 30741 28.70 97616.20 33.87 -5.28 10.10 -15.66 -1.31 -0.77 -0.53 0.00
4716 2022ASI-063 3074.20 30742 28.70 97616.20 33.87 5.55 11.10 -17.02 -1.44 -0.90 -0.53 0.00
4717 2022ASI-063 3074.30 30743 28.85 97614.45 33.87 6.08 11.48 -17.67 -1.57 -1.03 -0.54 1.50
4718 2022ASI-063 3074.40 30744 28.85 97614.45 33.87 -5.25 9.99 -15.28 -1.24 -0.71 -0.53 0.00
4719 2022ASI-063 3074.50 30745 29.00 97612.69 33.86 6.24 10.58 -16.85 -1.37 -0.97 -0.40 1.51
4720 2022ASI-063 3074.60 30746 29.00 97612.69 33.86 6.05 12.04 -15.33 -1.38 -0.84 -0.54 0.00
4721 2022ASI-063 3074.70 30747 29.00 97612.69 33.86 5.53 7.16 -10.48 -0.59 -0.39 -0.20 0.00
4722 2022ASI-063 3074.80 30748 29.18 97610.63 33.86 -5.69 6.88 -10.75 -0.59 -0.33 -0.27 1.76
4723 2022ASI-063 3074.90 30749 29.18 97610.63 33.86 -7.43 10.63 -17.24 -1.43 -0.70 -0.73 0.00
4724 2022ASI-063 3075.00 30750 29.34 97608.72 33.85 -8.44 6.89 -16.93 -1.10 -0.58 -0.53 1.65
4725 2022ASI-063 3075.10 30751 29.34 97608.72 33.85 -6.73 9.05 -14.33 -1.04 -0.52 -0.53 0.00
4726 2022ASI-063 3075.20 30752 29.34 97608.72 33.85 -7.84 8.12 -16.87 -1.17 -0.64 -0.53 0.00
4727 2022ASI-063 3075.30 30753 29.51 97606.77 33.85 -7.75 7.76 -14.46 -0.98 -0.45 -0.53 1.66
4728 2022ASI-063 3075.40 30754 29.51 97606.77 33.85 -6.59 6.47 -14.67 -0.85 -0.52 -0.33 0.00
4729 2022ASI-063 3075.50 30755 29.51 97606.77 33.85 -9.70 3.51 -13.10 -0.45 -0.13 -0.33 0.00
4730 2022ASI-063 3075.60 30756 29.66 97605.03 33.84 -11.76 6.07 -13.78 -0.72 -0.06 -0.65 1.50
4731 2022ASI-063 3075.70 30757 29.66 97605.03 33.84 -11.72 5.89 -13.35 -0.72 -0.06 -0.65 0.00
4732 2022ASI-063 3075.80 30758 29.81 97603.33 33.84 -12.21 4.38 -13.19 -0.52 0.06 -0.58 1.46
4733 2022ASI-063 3075.90 30759 29.81 97603.33 33.84 -12.97 4.75 -12.25 -0.52 0.19 -0.71 0.00
4734 2022ASI-063 3076.00 30760 29.81 97603.33 33.84 5.30 10.77 -16.24 -1.37 -0.84 -0.53 0.00
4735 2022ASI-063 3076.10 30761 29.93 97601.91 33.83 -8.66 9.65 -14.54 -1.11 -0.39 -0.73 1.22
4736 2022ASI-063 3076.20 30762 29.93 97601.91 33.83 -8.80 8.31 -15.84 -1.11 -0.45 -0.66 0.00
4737 2022ASI-063 3076.30 30763 30.05 97600.52 33.83 -10.30 7.35 -14.92 -0.98 -0.32 -0.66 1.19
4738 2022ASI-063 3076.40 30764 30.05 97600.52 33.83 -8.92 7.91 -14.55 -0.98 -0.32 -0.66 0.00
4739 2022ASI-063 3076.50 30765 30.05 97600.52 33.83 -8.38 8.07 -15.16 -1.04 -0.45 -0.59 0.00
4740 2022ASI-063 3076.60 30766 30.15 97599.30 33.82 -7.44 7.35 -15.68 -1.04 -0.58 -0.46 1.04
4741 2022ASI-063 3076.70 30767 30.15 97599.30 33.82 -6.32 7.73 -15.33 -1.04 -0.64 -0.40 0.00
4742 2022ASI-063 3076.80 30768 30.15 97599.30 33.82 -6.09 7.41 -15.44 -0.98 -0.64 -0.33 0.00
4743 2022ASI-063 3076.90 30769 30.26 97598.06 33.82 -6.41 6.67 -16.91 -1.04 -0.77 -0.26 1.06
4744 2022ASI-063 3077.00 30770 30.26 97598.06 33.82 -6.51 7.06 -15.41 -0.98 -0.64 -0.33 0.00
4745 2022ASI-063 3077.10 30771 30.35 97597.05 33.81 -5.16 7.79 -15.55 -1.04 -0.71 -0.33 0.88
4746 2022ASI-063 3077.20 30772 30.35 97597.05 33.81 -5.59 7.21 -15.94 -1.04 -0.77 -0.27 0.00
4747 2022ASI-063 3077.30 30773 30.35 97597.05 33.81 -6.28 6.19 -17.06 -1.04 -0.77 -0.26 0.00
4748 2022ASI-063 3077.40 30774 30.45 97595.83 33.81 -5.81 6.85 -15.77 -0.97 -0.71 -0.26 1.05
4749 2022ASI-063 3077.50 30775 30.45 97595.83 33.81 6.00 4.38 -15.80 -0.78 -0.84 0.06 0.00
4750 2022ASI-063 3077.60 30776 30.45 97595.83 33.81 6.10 6.00 -15.80 -0.91 -0.90 -0.00 0.00
4751 2022ASI-063 3077.70 30777 30.53 97594.94 33.80 5.27 4.60 -15.18 -0.78 -0.78 -0.00 0.76
4752 2022ASI-063 3077.80 30778 30.53 97594.94 33.80 5.17 5.42 -17.31 -1.03 -0.90 -0.13 0.00
4753 2022ASI-063 3077.90 30779 30.59 97594.24 33.80 5.66 6.78 -14.61 -0.85 -0.71 -0.13 0.60
4754 2022ASI-063 3078.00 30780 30.59 97594.24 33.80 5.92 6.65 -15.85 -0.97 -0.84 -0.13 0.00
4755 2022ASI-063 3078.10 30781 30.59 97594.24 33.80 7.16 9.12 -15.85 -1.17 -0.97 -0.20 0.00
4756 2022ASI-063 3078.20 30782 30.70 97592.86 33.79 5.59 7.39 -16.29 -1.04 -0.84 -0.20 1.19
4757 2022ASI-063 3078.30 30783 30.70 97592.86 33.79 5.66 7.59 -15.87 -1.04 -0.84 -0.20 0.00
4758 2022ASI-063 3078.40 30784 30.70 97592.86 33.79 6.53 8.48 -16.14 -1.17 -0.90 -0.27 0.00
4759 2022ASI-063 3078.50 30785 30.79 97591.82 33.78 5.93 7.52 -16.70 -1.10 -0.90 -0.20 0.89
4760 2022ASI-063 3078.60 30786 30.79 97591.82 33.78 7.04 7.80 -15.70 -1.11 -0.97 -0.14 0.00
4761 2022ASI-063 3078.70 30787 30.84 97591.30 33.78 7.24 6.15 -14.20 -0.85 -0.84 -0.00 0.45
4762 2022ASI-063 3078.80 30788 30.84 97591.30 33.78 7.16 7.06 -16.49 -1.10 -1.03 -0.07 0.00
4763 2022ASI-063 3078.90 30789 30.84 97591.30 33.78 8.37 6.13 -15.64 -0.97 -1.10 0.13 0.00
4764 2022ASI-063 3079.00 30790 30.90 97590.61 33.77 7.76 5.07 -14.48 -0.71 -0.91 0.20 0.60
4765 2022ASI-063 3079.10 30791 30.90 97590.61 33.77 7.45 6.62 -16.00 -0.97 -0.97 -0.00 0.00
4766 2022ASI-063 3079.20 30792 30.90 97589.72 33.76 6.61 5.94 -16.29 -0.91 -0.90 -0.00 0.00
4767 2022ASI-063 3079.30 30793 30.97 97589.72 33.76 5.22 4.31 -15.15 -0.71 -0.71 -0.00 0.76
4768 2022ASI-063 3079.40 30794 30.97 97589.72 33.76 -6.09 5.43 -16.47 -0.97 -0.77 -0.20 0.00
4769 2022ASI-063 3079.50 30795 31.02 97589.23 33.76 -7.12 4.80 -16.60 -0.90 -0.71 -0.20 0.43
4770 2022ASI-063 3079.60 30796 31.02 97589.23 33.76 -5.96 2.97 -14.73 -0.52 -0.58 0.06 0.00
4771 2022ASI-063 3079.70 30797 31.02 97589.23 33.76 -6.47 6.52 -17.13 -1.04 -0.77 -0.26 0.00
4772 2022ASI-063 3079.80 30798 31.09 97588.34 33.75 -7.83 5.04 -15.67 -0.84 -0.58 -0.26 0.76
4773 2022ASI-063 3079.90 30799 31.09 97588.34 33.75 -8.14 3.42 -14.96 -0.65 -0.45 -0.20 0.00
4774 2022ASI-063 3080.00 30800 31.14 97587.82 33.74 -7.20 -5.24 -13.84 -0.26 -0.45 0.19 0.45
4775 2022ASI-063 3080.10 30801 31.14 97587.82 33.74 -5.71 -7.92 -13.11 0.00 -0.52 0.52 0.00
4776 2022ASI-063 3080.20 30802 31.14 97587.82 33.74 -5.63 -6.11 -13.84 -0.19 -0.58 0.39 0.00
4777 2022ASI-063 3080.30 30803 31.21 97586.95 33.74 -6.85 3.14 -14.95 -0.65 -0.58 -0.07 0.75
4778 2022ASI-063 3080.40 30804 31.21 97586.95 33.74 -5.71 7.34 -16.96 -1.10 -0.84 -0.27 0.00
4779 2022ASI-063 3080.50 30805 31.21 97586.95 33.74 5.34 4.94 -16.34 -0.84 -0.84 -0.00 0.00
4780 2022ASI-063 3080.60 30806 31.27 97586.27 33.73 -5.50 5.14 -16.35 -0.84 -0.77 -0.07 0.58
4781 2022ASI-063 3080.70 30807 31.27 97586.27 33.73 -5.54 5.58 -16.56 -0.97 -0.84 -0.13 0.00
4782 2022ASI-063 3080.80 30808 31.34 97585.41 33.72 -5.76 8.74 -15.99 -1.17 -0.71 -0.46 0.74
4783 2022ASI-063 3080.90 30809 31.34 97585.41 33.72 5.79 7.97 -16.11 -1.11 -0.84 -0.27 0.00
4784 2022ASI-063 3081.00 30810 31.34 97585.41 33.72 5.54 6.99 -15.84 -1.04 -0.84 -0.20 0.00
4785 2022ASI-063 3081.10 30811 31.38 97585.04 33.72 5.18 7.95 -15.88 -1.11 -0.77 -0.33 0.32
4786 2022ASI-063 3081.20 30812 31.38 97585.04 33.72 6.01 7.46 -16.43 -1.10 -0.90 -0.20 0.00
4787 2022ASI-063 3081.30 30813 31.38 97585.04 33.72 7.84 6.18 -15.92 -0.97 -1.04 0.06 0.00
4788 2022ASI-063 3081.40 30814 31.41 97584.70 33.71 8.16 6.03 -16.28 -0.91 -1.04 0.13 0.30
4789 2022ASI-063 3081.50 30815 31.41 97584.70 33.71 8.19 7.07 -15.28 -0.98 -0.97 -0.00 0.00
4790 2022ASI-063 3081.60 30816 31.48 97583.86 33.70 8.98 5.53 -16.04 -0.91 -1.10 0.20 0.71
4791 2022ASI-063 3081.70 30817 31.48 97583.86 33.70 8.26 4.94 -15.91 -0.84 -1.04 0.20 0.00
4792 2022ASI-063 3081.80 30818 31.48 97583.86 33.70 8.91 4.93 -15.05 -0.78 -1.04 0.26 0.00
4793 2022ASI-063 3081.90 30819 31.51 97583.49 33.70 8.62 4.93 -15.08 -0.78 -1.04 0.26 0.32
4794 2022ASI-063 3082.00 30820 31.51 97583.49 33.70 9.46 4.43 -15.46 -0.71 -1.10 0.39 0.00
4795 2022ASI-063 3082.10 30821 31.51 97583.49 33.70 9.10 4.97 -14.98 -0.78 -1.10 0.33 0.00
4796 2022ASI-063 3082.20 30822 31.54 97583.15 33.69 9.42 4.42 -15.09 -0.71 -1.10 0.39 0.29
4797 2022ASI-063 3082.30 30823 31.54 97583.15 33.69 8.47 5.08 -15.17 -0.78 -1.04 0.26 0.00
4798 2022ASI-063 3082.40 30824 31.58 97582.62 33.69 8.43 4.99 -15.19 -0.78 -1.04 0.26 0.45
4799 2022ASI-063 3082.50 30825 31.58 97582.62 33.69 9.66 4.16 -14.43 -0.65 -1.04 0.39 0.00
4800 2022ASI-063 3082.60 30826 31.58 97582.62 33.69 9.80 4.17 -15.18 -0.71 -1.10 0.39 0.00
4801 2022ASI-063 3082.70 30827 31.61 97582.28 33.68 10.34 3.89 -14.85 -0.65 -1.11 0.46 0.30
4802 2022ASI-063 3082.80 30828 31.61 97582.28 33.68 9.88 4.10 -15.07 -0.71 -1.17 0.46 0.00
4803 2022ASI-063 3082.90 30829 31.61 97582.28 33.68 10.05 4.03 -14.67 -0.65 -1.11 0.46 0.00
4804 2022ASI-063 3083.00 30830 31.66 97581.77 33.68 10.37 3.74 -14.76 -0.58 -1.11 0.53 0.44
4805 2022ASI-063 3083.10 30831 31.66 97581.77 33.68 10.03 3.69 -14.38 -0.58 -1.11 0.53 0.00
4806 2022ASI-063 3083.20 30832 31.69 97581.43 33.67 12.02 4.29 -15.31 -0.71 -1.30 0.59 0.30
4807 2022ASI-063 3083.30 30833 31.69 97581.43 33.67 10.65 4.62 -14.49 -0.71 -1.17 0.46 0.00
4808 2022ASI-063 3083.40 30834 31.69 97581.43 33.67 10.46 4.52 -14.54 -0.65 -1.11 0.46 0.00
4809 2022ASI-063 3083.50 30835 31.72 97581.06 33.67 10.87 4.23 -14.53 -0.65 -1.17 0.53 0.32
4810 2022ASI-063 3083.60 30836 31.72 97581.06 33.67 10.25 4.13 -14.29 -0.65 -1.11 0.46 0.00
4811 2022ASI-063 3083.70 30837 31.72 97581.06 33.67 10.23 4.30 -14.78 -0.65 -1.11 0.46 0.00
4812 2022ASI-063 3083.80 30838 31.75 97580.72 33.66 10.29 4.26 -14.68 -0.65 -1.11 0.46 0.29
4813 2022ASI-063 3083.90 30839 31.75 97580.72 33.66 10.30 4.59 -15.18 -0.71 -1.17 0.46 0.00
4814 2022ASI-063 3084.00 30840 31.76 97580.58 33.66 10.21 4.36 -14.36 -0.65 -1.11 0.46 0.12
4815 2022ASI-063 3084.10 30841 31.76 97580.58 33.66 10.38 4.25 -14.55 -0.65 -1.11 0.46 0.00
4816 2022ASI-063 3084.20 30842 31.76 97580.58 33.66 10.40 4.24 -14.78 -0.65 -1.11 0.46 0.00
4817 2022ASI-063 3084.30 30843 31.78 97580.38 33.65 10.37 4.40 -14.55 -0.65 -1.11 0.46 0.17
4818 2022ASI-063 3084.40 30844 31.78 97580.38 33.65 10.49 4.51 -14.59 -0.65 -1.11 0.46 0.00
4819 2022ASI-063 3084.50 30845 31.78 97580.38 33.65 10.53 4.68 -14.70 -0.71 -1.11 0.39 0.00
4820 2022ASI-063 3084.60 30846 31.79 97580.22 33.64 10.56 4.61 -14.58 -0.71 -1.11 0.39 0.14
4821 2022ASI-063 3084.70 30847 31.79 97580.22 33.64 10.60 4.61 -14.56 -0.71 -1.17 0.46 0.00
4822 2022ASI-063 3084.80 30848 31.83 97579.70 33.64 10.51 4.66 -14.73 -0.71 -1.11 0.39 0.44
4823 2022ASI-063 3084.90 30849 31.83 97579.70 33.64 10.51 4.77 -14.62 -0.71 -1.11 0.39 0.00
4824 2022ASI-063 3085.00 30850 31.83 97579.70 33.64 10.52 4.76 -14.77 -0.71 -1.11 0.39 0.00
4825 2022ASI-063 3085.10 30851 31.82 97579.88 33.64 10.49 4.77 -14.78 -0.71 -1.11 0.39 -0.14
4826 2022ASI-063 3085.20 30852 31.82 97579.88 33.64 10.58 4.85 -14.54 -0.71 -1.17 0.46 0.00
4827 2022ASI-063 3085.30 30853 31.82 97579.88 33.64 10.63 4.72 -14.65 -0.71 -1.17 0.46 0.00
4828 2022ASI-063 3085.40 30854 31.85 97579.50 33.63 10.56 4.72 -14.73 -0.71 -1.11 0.39 0.33
4829 2022ASI-063 3085.50 30855 31.85 97579.50 33.63 10.50 4.79 -14.47 -0.71 -1.11 0.39 0.00
4830 2022ASI-063 3085.60 30856 31.86 97579.36 33.63 10.53 4.58 -14.60 -0.65 -1.11 0.46 0.12
4831 2022ASI-063 3085.70 30857 31.86 97579.36 33.63 10.66 4.75 -14.43 -0.71 -1.17 0.46 0.00
4832 2022ASI-063 3085.80 30858 31.86 97579.36 33.63 10.47 4.62 -14.57 -0.71 -1.11 0.39 0.00
4833 2022ASI-063 3085.90 30859 31.83 97579.72 33.62 10.38 4.74 -14.57 -0.71 -1.11 0.39 -0.31
4834 2022ASI-063 3086.00 30860 31.83 97579.72 33.62 10.39 4.70 -14.74 -0.71 -1.11 0.39 0.00
4835 2022ASI-063 3086.10 30861 31.83 97579.72 33.62 10.41 4.80 -14.75 -0.71 -1.11 0.39 0.00
4836 2022ASI-063 3086.20 30862 31.85 97579.52 33.62 10.34 4.73 -14.79 -0.71 -1.11 0.39 0.18
4837 2022ASI-063 3086.30 30863 31.85 97579.52 33.62 10.44 4.84 -14.64 -0.71 -1.11 0.39 0.00
4838 2022ASI-063 3086.40 30864 31.88 97579.18 33.61 10.49 4.71 -14.61 -0.71 -1.11 0.39 0.29
4839 2022ASI-063 3086.50 30865 31.88 97579.18 33.61 10.50 4.92 -14.61 -0.71 -1.11 0.39 0.00
4840 2022ASI-063 3086.60 30866 31.88 97579.18 33.61 10.21 4.74 -14.23 -0.71 -1.11 0.39 0.00
4841 2022ASI-063 3086.70 30867 31.85 97579.53 33.61 9.79 4.98 -15.00 -0.78 -1.10 0.33 -0.30
4842 2022ASI-063 3086.80 30868 31.85 97579.53 33.61 9.25 4.49 -15.41 -0.71 -1.10 0.39 0.00
4843 2022ASI-063 3086.90 30869 31.85 97579.53 33.61 8.06 5.99 -15.33 -0.84 -0.97 0.13 0.00
4844 2022ASI-063 3087.00 30870 31.85 97579.53 33.61 8.38 5.05 -15.44 -0.78 -1.04 0.26 0.00
4845 2022ASI-063 3087.10 30871 31.85 97579.53 33.61 8.11 5.04 -15.75 -0.84 -1.04 0.20 0.00
4846 2022ASI-063 3087.20 30872 31.86 97579.37 33.60 8.81 5.72 -15.74 -0.91 -1.10 0.20 0.13
4847 2022ASI-063 3087.30 30873 31.86 97579.37 33.60 8.73 5.75 -15.31 -0.84 -1.04 0.20 0.00
4848 2022ASI-063 3087.40 30874 31.86 97579.37 33.60 8.73 5.63 -15.56 -0.84 -1.04 0.20 0.00
4849 2022ASI-063 3087.50 30875 31.85 97579.55 33.60 8.89 4.93 -15.46 -0.78 -1.04 0.26 -0.15
4850 2022ASI-063 3087.60 30876 31.85 97579.55 33.60 8.49 5.36 -15.66 -0.84 -1.10 0.26 0.00
4851 2022ASI-063 3087.70 30877 31.85 97579.55 33.60 8.56 6.30 -15.58 -0.91 -1.04 0.13 0.00
4852 2022ASI-063 3087.80 30878 31.86 97579.38 33.59 8.87 6.37 -15.88 -0.97 -1.10 0.13 0.15
4853 2022ASI-063 3087.90 30879 31.86 97579.38 33.59 7.84 4.67 -16.05 -0.84 -1.04 0.20 0.00
4854 2022ASI-063 3088.00 30880 31.85 97579.55 33.59 8.99 5.92 -15.15 -0.84 -1.04 0.20 -0.15
4855 2022ASI-063 3088.10 30881 31.85 97579.55 33.59 8.83 6.17 -15.27 -0.91 -1.04 0.13 0.00
4856 2022ASI-063 3088.20 30882 31.85 97579.55 33.59 9.38 5.60 -15.33 -0.84 -1.10 0.26 0.00
4857 2022ASI-063 3088.30 30883 31.86 97579.36 33.59 10.57 5.89 -15.90 -0.91 -1.23 0.33 0.17
4858 2022ASI-063 3088.40 30884 31.86 97579.36 33.59 9.16 5.87 -14.84 -0.78 -1.04 0.26 0.00
4859 2022ASI-063 3088.50 30885 31.86 97579.36 33.59 11.03 5.09 -14.97 -0.78 -1.24 0.46 0.00
4860 2022ASI-063 3088.60 30886 31.85 97579.53 33.58 8.94 5.27 -15.10 -0.78 -1.04 0.26 -0.14
4861 2022ASI-063 3088.70 30887 31.85 97579.53 33.58 9.33 5.74 -15.19 -0.84 -1.10 0.26 0.00
4862 2022ASI-063 3088.80 30888 31.85 97579.54 33.58 8.43 4.62 -15.24 -0.78 -1.04 0.26 -0.01
4863 2022ASI-063 3088.90 30889 31.85 97579.54 33.58 9.26 4.83 -16.63 -0.90 -1.23 0.33 0.00
4864 2022ASI-063 3089.00 30890 31.85 97579.54 33.58 7.32 4.86 -16.30 -0.84 -0.97 0.13 0.00
4865 2022ASI-063 3089.10 30891 31.82 97579.89 33.58 7.93 6.30 -15.81 -0.97 -1.04 0.06 -0.30
4866 2022ASI-063 3089.20 30892 31.82 97579.89 33.58 8.76 5.59 -16.08 -0.91 -1.10 0.20 0.00
4867 2022ASI-063 3089.30 30893 31.82 97579.89 33.58 7.79 5.60 -15.62 -0.84 -0.97 0.13 0.00
4868 2022ASI-063 3089.40 30894 31.80 97580.07 33.58 7.70 7.17 -16.33 -1.04 -1.04 -0.00 -0.16
4869 2022ASI-063 3089.50 30895 31.80 97580.07 33.58 5.15 7.39 -15.60 -0.98 -0.71 -0.27 0.00
4870 2022ASI-063 3089.60 30896 31.76 97580.59 33.58 5.98 6.16 -16.63 -1.04 -0.90 -0.13 -0.45
4871 2022ASI-063 3089.70 30897 31.76 97580.59 33.58 7.16 3.64 -14.56 -0.58 -0.84 0.26 0.00
4872 2022ASI-063 3089.80 30898 31.76 97580.59 33.58 -7.98 4.75 -16.65 -0.90 -0.64 -0.26 0.00
4873 2022ASI-063 3089.90 30899 31.77 97580.45 33.58 5.29 5.81 -15.88 -0.91 -0.84 -0.07 0.12
4874 2022ASI-063 3090.00 30900 31.77 97580.45 33.58 -5.94 6.08 -15.97 -0.91 -0.71 -0.20 0.00
4875 2022ASI-063 3090.10 30901 31.77 97580.45 33.58 -5.67 6.61 -15.85 -0.97 -0.77 -0.20 0.00
4876 2022ASI-063 3090.20 30902 31.77 97580.45 33.57 -5.91 6.95 -16.17 -1.04 -0.71 -0.33 0.00
4877 2022ASI-063 3090.30 30903 31.77 97580.45 33.57 -6.49 6.95 -16.00 -1.04 -0.71 -0.33 0.00
4878 2022ASI-063 3090.40 30904 31.76 97580.62 33.57 -6.33 6.92 -15.78 -1.04 -0.71 -0.33 -0.15
4879 2022ASI-063 3090.50 30905 31.76 97580.62 33.57 -6.51 7.32 -16.14 -1.04 -0.64 -0.40 0.00
4880 2022ASI-063 3090.60 30906 31.76 97580.62 33.57 -6.91 7.28 -15.74 -1.04 -0.64 -0.40 0.00
4881 2022ASI-063 3090.70 30907 31.77 97580.43 33.57 -6.71 7.42 -16.13 -1.04 -0.64 -0.40 0.17
4882 2022ASI-063 3090.80 30908 31.77 97580.43 33.57 -6.70 7.10 -15.92 -1.04 -0.64 -0.40 0.00
4883 2022ASI-063 3090.90 30909 31.74 97580.78 33.57 -6.89 7.25 -15.87 -1.04 -0.64 -0.40 -0.30
4884 2022ASI-063 3091.00 30910 31.74 97580.78 33.57 -6.54 7.35 -16.12 -1.04 -0.64 -0.40 0.00
4885 2022ASI-063 3091.10 30911 31.74 97580.78 33.57 -6.87 7.29 -15.79 -1.04 -0.64 -0.40 0.00
4886 2022ASI-063 3091.20 30912 31.74 97580.78 33.57 -6.97 7.26 -16.04 -1.04 -0.64 -0.40 0.00
4887 2022ASI-063 3091.30 30913 31.74 97580.78 33.57 -7.06 7.35 -15.83 -1.04 -0.64 -0.40 0.00
4888 2022ASI-063 3091.40 30914 31.74 97580.78 33.57 -7.33 7.07 -15.81 -1.04 -0.58 -0.46 0.00
4889 2022ASI-063 3091.50 30915 31.74 97580.78 33.56 -7.11 7.16 -15.58 -0.98 -0.58 -0.40 0.00
4890 2022ASI-063 3091.60 30916 31.74 97580.78 33.56 -7.53 7.02 -16.07 -1.04 -0.58 -0.46 0.00
4891 2022ASI-063 3091.70 30917 31.73 97580.96 33.56 -7.57 6.85 -15.72 -0.97 -0.58 -0.40 -0.16
4892 2022ASI-063 3091.80 30918 31.73 97580.96 33.56 -7.58 6.86 -15.80 -0.97 -0.58 -0.40 0.00
4893 2022ASI-063 3091.90 30919 31.73 97580.96 33.56 -8.00 6.67 -15.70 -0.97 -0.58 -0.40 0.00
4894 2022ASI-063 3092.00 30920 31.73 97580.96 33.56 -8.19 6.41 -15.55 -0.91 -0.45 -0.46 0.00
4895 2022ASI-063 3092.10 30921 31.73 97580.96 33.56 -8.32 6.41 -15.55 -0.91 -0.45 -0.46 0.00
4896 2022ASI-063 3092.20 30922 31.73 97580.97 33.56 -8.27 6.41 -15.48 -0.91 -0.45 -0.46 -0.00
4897 2022ASI-063 3092.30 30923 31.73 97580.97 33.56 -8.40 6.53 -15.26 -0.91 -0.45 -0.46 0.00
4898 2022ASI-063 3092.40 30924 31.73 97580.97 33.56 -8.22 6.50 -15.52 -0.91 -0.45 -0.46 0.00
4899 2022ASI-063 3092.50 30925 31.73 97580.97 33.56 -8.14 6.72 -15.61 -0.91 -0.45 -0.46 0.00
4900 2022ASI-063 3092.60 30926 31.73 97580.97 33.56 -8.24 6.79 -15.49 -0.91 -0.45 -0.46 0.00
4901 2022ASI-063 3092.70 30927 31.73 97580.97 33.56 -8.29 6.78 -15.32 -0.91 -0.45 -0.46 0.00
4902 2022ASI-063 3092.80 30928 31.73 97580.95 33.55 -7.69 6.81 -15.72 -0.97 -0.58 -0.40 0.02
4903 2022ASI-063 3092.90 30929 31.73 97580.95 33.55 -7.70 7.06 -15.86 -1.04 -0.58 -0.46 0.00
4904 2022ASI-063 3093.00 30930 31.70 97581.30 33.55 -7.69 6.97 -15.75 -1.04 -0.58 -0.46 -0.31
4905 2022ASI-063 3093.10 30931 31.70 97581.30 33.55 -7.61 6.93 -15.57 -0.98 -0.51 -0.46 0.00
4906 2022ASI-063 3093.20 30932 31.70 97581.30 33.55 -7.92 6.89 -15.67 -1.04 -0.58 -0.46 0.00
4907 2022ASI-063 3093.30 30933 31.71 97581.15 33.55 -7.92 6.50 -15.47 -0.91 -0.51 -0.40 0.13
4908 2022ASI-063 3093.40 30934 31.71 97581.15 33.55 -8.24 6.39 -15.65 -0.97 -0.51 -0.46 0.00
4909 2022ASI-063 3093.50 30935 31.71 97581.15 33.55 -8.28 6.29 -15.59 -0.91 -0.45 -0.46 0.00
4910 2022ASI-063 3093.60 30936 31.71 97581.15 33.55 -7.98 6.38 -15.52 -0.91 -0.51 -0.40 0.00
4911 2022ASI-063 3093.70 30937 31.71 97581.15 33.55 -8.10 6.56 -15.48 -0.91 -0.45 -0.46 0.00
4912 2022ASI-063 3093.80 30938 31.72 97580.98 33.55 -8.00 6.57 -15.58 -0.91 -0.51 -0.40 0.14
4913 2022ASI-063 3093.90 30939 31.72 97580.98 33.55 -8.20 6.36 -15.54 -0.91 -0.45 -0.46 0.00
4914 2022ASI-063 3094.00 30940 31.72 97580.98 33.55 -8.18 6.39 -15.55 -0.91 -0.45 -0.46 0.00
4915 2022ASI-063 3094.10 30941 31.71 97581.16 33.54 -8.33 6.36 -15.53 -0.91 -0.45 -0.46 -0.15
4916 2022ASI-063 3094.20 30942 31.71 97581.16 33.54 -8.44 6.34 -15.53 -0.91 -0.45 -0.46 0.00
4917 2022ASI-063 3094.30 30943 31.71 97581.16 33.54 -8.39 6.31 -15.32 -0.91 -0.45 -0.46 0.00
4918 2022ASI-063 3094.40 30944 31.71 97581.16 33.54 -8.50 6.28 -15.38 -0.91 -0.45 -0.46 0.00
4919 2022ASI-063 3094.50 30945 31.71 97581.16 33.54 -8.49 6.22 -15.39 -0.91 -0.45 -0.46 0.00
4920 2022ASI-063 3094.60 30946 31.68 97581.51 33.54 -8.63 6.10 -15.26 -0.84 -0.45 -0.39 -0.30
4921 2022ASI-063 3094.70 30947 31.68 97581.51 33.54 -8.75 5.89 -15.34 -0.84 -0.45 -0.39 0.00
4922 2022ASI-063 3094.80 30948 31.68 97581.86 33.54 -8.65 5.89 -15.30 -0.84 -0.45 -0.39 0.00
4923 2022ASI-063 3094.90 30949 31.68 97581.48 33.54 -8.64 5.87 -15.28 -0.84 -0.45 -0.39 0.02
4924 2022ASI-063 3095.00 30950 31.68 97581.48 33.54 -8.56 5.87 -15.22 -0.84 -0.45 -0.39 0.00
4925 2022ASI-063 3095.10 30951 31.68 97581.48 33.54 -8.75 5.65 -15.32 -0.84 -0.45 -0.39 0.00
4926 2022ASI-063 3095.20 30952 31.68 97581.48 33.54 -8.85 5.77 -15.15 -0.84 -0.38 -0.46 0.00
4927 2022ASI-063 3095.30 30953 31.68 97581.48 33.54 -8.85 5.78 -15.23 -0.84 -0.38 -0.46 0.00
4928 2022ASI-063 3095.40 30954 31.67 97581.66 33.53 -9.05 5.93 -15.19 -0.84 -0.38 -0.46 -0.16
4929 2022ASI-063 3095.50 30955 31.67 97581.66 33.53 -8.85 6.60 -15.15 -0.91 -0.38 -0.52 0.00
4930 2022ASI-063 3095.60 30956 31.67 97581.67 33.53 -7.71 3.20 -14.42 -0.58 -0.45 -0.13 -0.00
4931 2022ASI-063 3095.70 30957 31.67 97581.67 33.53 -7.44 4.74 -14.36 -0.71 -0.45 -0.26 0.00
4932 2022ASI-063 3095.80 30958 31.67 97581.67 33.53 -9.21 5.02 -14.90 -0.78 -0.38 -0.39 0.00
4933 2022ASI-063 3095.90 30959 31.62 97582.20 33.53 -8.15 5.46 -15.77 -0.91 -0.51 -0.39 -0.45
4934 2022ASI-063 3096.00 30960 31.62 97582.20 33.53 -6.48 5.08 -14.43 -0.71 -0.58 -0.13 0.00
4935 2022ASI-063 3096.10 30961 31.62 97582.20 33.53 -9.60 6.65 -13.52 -0.78 -0.19 -0.59 0.00
4936 2022ASI-063 3096.20 30962 31.64 97582.02 33.53 -9.36 6.27 -14.52 -0.85 -0.32 -0.52 0.16
4937 2022ASI-063 3096.30 30963 31.64 97582.02 33.53 -9.48 6.50 -14.82 -0.85 -0.32 -0.52 0.00
4938 2022ASI-063 3096.40 30964 31.63 97582.05 33.53 -8.63 6.93 -14.90 -0.98 -0.45 -0.53 -0.03
4939 2022ASI-063 3096.50 30965 31.63 97582.05 33.53 -7.86 6.85 -15.87 -0.97 -0.58 -0.40 0.00
4940 2022ASI-063 3096.60 30966 31.63 97582.05 33.53 -8.75 6.69 -15.37 -0.91 -0.45 -0.46 0.00
4941 2022ASI-063 3096.70 30967 31.65 97581.88 33.52 -8.24 7.16 -15.69 -1.04 -0.51 -0.53 0.15
4942 2022ASI-063 3096.80 30968 31.65 97581.88 33.52 -8.83 6.83 -15.20 -0.91 -0.38 -0.52 0.00
4943 2022ASI-063 3096.90 30969 31.65 97581.86 33.52 -8.83 6.86 -15.00 -0.91 -0.38 -0.52 0.02
4944 2022ASI-063 3097.00 30970 31.65 97581.86 33.52 -9.11 6.87 -14.99 -0.91 -0.38 -0.52 0.00
4945 2022ASI-063 3097.10 30971 31.65 97581.86 33.52 -8.94 7.00 -15.28 -0.98 -0.38 -0.59 0.00
4946 2022ASI-063 3097.20 30972 31.62 97582.20 33.52 -8.42 6.94 -14.92 -0.98 -0.45 -0.53 -0.30
4947 2022ASI-063 3097.30 30973 31.62 97582.20 33.52 -8.96 6.77 -15.38 -0.91 -0.38 -0.52 0.00
4948 2022ASI-063 3097.40 30974 31.62 97582.20 33.52 -8.87 6.78 -15.07 -0.91 -0.38 -0.52 0.00
4949 2022ASI-063 3097.50 30975 31.63 97582.03 33.52 -8.38 6.96 -15.43 -0.98 -0.45 -0.53 0.14
4950 2022ASI-063 3097.60 30976 31.63 97582.03 33.52 -8.58 6.79 -15.26 -0.91 -0.45 -0.46 0.00
4951 2022ASI-063 3097.70 30977 31.63 97582.03 33.51 -8.48 7.02 -15.52 -0.98 -0.45 -0.53 0.00
4952 2022ASI-063 3097.80 30978 31.63 97582.03 33.51 -8.74 6.60 -15.15 -0.91 -0.45 -0.46 0.00
4953 2022ASI-063 3097.90 30979 31.63 97582.03 33.51 -8.84 6.50 -15.28 -0.91 -0.38 -0.52 0.00
4954 2022ASI-063 3098.00 30980 31.65 97581.87 33.51 -8.79 6.57 -15.15 -0.91 -0.45 -0.46 0.14
4955 2022ASI-063 3098.10 30981 31.65 97581.87 33.51 -8.97 6.61 -15.25 -0.91 -0.38 -0.52 0.00
4956 2022ASI-063 3098.20 30982 31.66 97581.70 33.51 -8.79 6.64 -15.34 -0.91 -0.45 -0.46 0.15
4957 2022ASI-063 3098.30 30983 31.66 97581.70 33.51 -8.83 6.68 -15.28 -0.91 -0.38 -0.52 0.00
4958 2022ASI-063 3098.40 30984 31.66 97581.70 33.51 -8.89 6.76 -15.21 -0.91 -0.38 -0.52 0.00
4959 2022ASI-063 3098.50 30985 31.63 97582.05 33.51 -9.03 6.76 -15.18 -0.91 -0.38 -0.52 -0.31
4960 2022ASI-063 3098.60 30986 31.63 97582.05 33.51 -9.00 6.77 -15.16 -0.91 -0.38 -0.52 0.00
4961 2022ASI-063 3098.70 30987 31.63 97582.05 33.51 -9.13 6.79 -15.12 -0.91 -0.38 -0.52 0.00
4962 2022ASI-063 3098.80 30988 31.62 97582.22 33.51 -9.02 6.85 -14.97 -0.91 -0.38 -0.52 -0.14
4963 2022ASI-063 3098.90 30989 31.62 97582.22 33.51 -9.20 6.69 -14.94 -0.91 -0.38 -0.52 0.00
4964 2022ASI-063 3099.00 30990 31.65 97581.84 33.50 -9.55 6.83 -14.88 -0.91 -0.38 -0.52 0.33
4965 2022ASI-063 3099.10 30991 31.65 97581.84 33.50 -9.30 6.76 -14.92 -0.91 -0.38 -0.52 0.00
4966 2022ASI-063 3099.20 30992 31.65 97581.84 33.50 -8.89 6.50 -14.93 -0.91 -0.38 -0.52 0.00
4967 2022ASI-063 3099.30 30993 31.63 97582.02 33.50 -9.19 6.08 -16.13 -0.91 -0.45 -0.46 -0.16
4968 2022ASI-063 3099.40 30994 31.63 97582.02 33.50 -8.38 5.60 -15.39 -0.84 -0.45 -0.39 0.00
4969 2022ASI-063 3099.50 30995 31.63 97582.02 33.50 -8.90 5.54 -15.04 -0.84 -0.38 -0.46 0.00
4970 2022ASI-063 3099.60 30996 31.62 97582.20 33.50 -8.97 5.44 -15.32 -0.84 -0.38 -0.46 -0.15
4971 2022ASI-063 3099.70 30997 31.62 97582.20 33.50 -9.02 5.74 -15.31 -0.84 -0.38 -0.46 0.00
4972 2022ASI-063 3099.80 30998 31.60 97582.41 33.50 -8.90 5.46 -15.64 -0.91 -0.45 -0.46 -0.17
4973 2022ASI-063 3099.90 30999 31.60 97582.41 33.50 -8.62 5.31 -14.97 -0.78 -0.45 -0.33 0.00
4974 2022ASI-063 3100.00 31000 31.60 97582.41 33.50 -10.71 6.45 -13.34 -0.72 -0.06 -0.65 0.00
4975 2022ASI-063 3100.10 31001 31.62 97582.23 33.50 -10.40 6.65 -14.58 -0.85 -0.19 -0.65 0.15
4976 2022ASI-063 3100.20 31002 31.62 97582.23 33.50 -10.27 6.51 -14.08 -0.78 -0.19 -0.59 0.00
4977 2022ASI-063 3100.30 31003 31.63 97582.06 33.49 -10.08 6.17 -14.70 -0.85 -0.26 -0.59 0.14
4978 2022ASI-063 3100.40 31004 31.63 97582.06 33.49 -9.76 5.85 -14.51 -0.78 -0.26 -0.52 0.00
4979 2022ASI-063 3100.50 31005 31.63 97582.06 33.49 -9.88 5.78 -14.90 -0.84 -0.32 -0.52 0.00
4980 2022ASI-063 3100.60 31006 31.62 97582.23 33.49 -9.76 5.71 -15.04 -0.84 -0.32 -0.52 -0.14
4981 2022ASI-063 3100.70 31007 31.62 97582.23 33.49 -9.42 4.31 -14.52 -0.65 -0.32 -0.33 0.00
4982 2022ASI-063 3100.80 31008 31.62 97582.23 33.49 -11.80 6.87 -14.53 -0.85 -0.13 -0.72 0.00
4983 2022ASI-063 3100.90 31009 31.63 97582.06 33.49 -9.19 6.49 -13.96 -0.78 -0.26 -0.52 0.14
4984 2022ASI-063 3101.00 31010 31.63 97582.06 33.49 -9.50 5.27 -14.82 -0.71 -0.32 -0.39 0.00
4985 2022ASI-063 3101.10 31011 31.63 97582.07 33.49 -13.25 4.47 -13.48 -0.58 0.06 -0.65 -0.00
4986 2022ASI-063 3101.20 31012 31.63 97582.07 33.49 -9.92 4.75 -14.73 -0.71 -0.26 -0.46 0.00
4987 2022ASI-063 3101.30 31013 31.63 97582.07 33.49 -9.80 5.69 -14.34 -0.78 -0.26 -0.52 0.00
4988 2022ASI-063 3101.40 31014 31.65 97581.87 33.49 -9.69 5.79 -15.01 -0.84 -0.32 -0.52 0.17
4989 2022ASI-063 3101.50 31015 31.65 97581.87 33.49 -10.21 5.81 -13.49 -0.72 -0.19 -0.52 0.00
4990 2022ASI-063 3101.60 31016 31.63 97582.05 33.48 -9.58 4.72 -13.85 -0.65 -0.19 -0.46 -0.16
4991 2022ASI-063 3101.70 31017 31.63 97582.05 33.48 -9.94 4.29 -13.89 -0.58 -0.19 -0.39 0.00
4992 2022ASI-063 3101.80 31018 31.63 97582.05 33.48 -11.66 4.20 -13.73 -0.58 -0.06 -0.52 0.00
4993 2022ASI-063 3101.90 31019 31.63 97582.05 33.48 -10.96 3.64 -12.26 -0.39 0.00 -0.39 0.00
4994 2022ASI-063 3102.00 31020 31.63 97582.05 33.48 -10.73 -4.96 -11.94 -0.19 0.00 -0.19 0.00
4995 2022ASI-063 3102.10 31021 31.63 97582.05 33.48 -12.90 -4.48 -13.29 -0.26 0.13 -0.39 0.00
4996 2022ASI-063 3102.20 31022 31.62 97582.23 33.48 -11.14 2.95 -11.09 -0.26 0.13 -0.39 -0.15
4997 2022ASI-063 3102.30 31023 31.62 97582.23 33.48 -11.00 -4.50 -11.82 -0.13 0.06 -0.19 0.00
4998 2022ASI-063 3102.40 31024 31.62 97582.23 33.48 -11.83 -6.28 -11.88 -0.06 0.06 -0.13 -0.00
4999 2022ASI-063 3102.50 31025 31.62 97582.23 33.48 -10.63 -4.57 -12.09 -0.19 0.00 -0.19 0.00
5000 2022ASI-063 3102.60 31026 31.62 97582.23 33.48 -10.73 -4.66 -12.68 -0.26 -0.06 -0.19 0.00
5001 2022ASI-063 3102.70 31027 31.62 97582.26 33.47 -10.56 -4.33 -12.95 -0.26 -0.06 -0.19 -0.02
5002 2022ASI-063 3102.80 31028 31.62 97582.26 33.47 -10.06 -3.47 -13.03 -0.39 -0.13 -0.26 0.00
5003 2022ASI-063 3102.90 31029 31.62 97582.23 33.47 -9.65 8.00 -10.73 -0.66 0.06 -0.72 0.02
5004 2022ASI-063 3103.00 31030 31.62 97582.23 33.47 -9.73 6.95 -13.45 -0.85 -0.19 -0.66 0.00
5005 2022ASI-063 3103.10 31031 31.62 97582.23 33.47 -9.99 9.27 -13.41 -1.05 -0.19 -0.86 0.00
5006 2022ASI-063 3103.20 31032 31.56 97582.94 33.47 -7.72 12.05 -15.42 -1.38 -0.51 -0.86 -0.60
5007 2022ASI-063 3103.30 31033 31.56 97582.94 33.47 5.70 13.58 -14.98 -1.51 -0.78 -0.74 0.00
5008 2022ASI-063 3103.40 31034 31.56 97582.94 33.47 7.12 14.59 -12.36 -1.39 -0.65 -0.74 0.00
5009 2022ASI-063 3103.50 31035 31.53 97583.28 33.47 9.08 15.85 -10.48 -1.33 -0.72 -0.61 -0.30
5010 2022ASI-063 3103.60 31036 31.53 97583.28 33.47 8.87 14.23 -9.87 -1.13 -0.59 -0.54 0.00
5011 2022ASI-063 3103.70 31037 31.48 97583.81 33.47 9.49 14.17 -7.24 -0.87 -0.40 -0.47 -0.46
5012 2022ASI-063 3103.80 31038 31.48 97583.81 33.47 10.08 14.69 6.93 -0.74 -0.27 -0.48 0.00
5013 2022ASI-063 3103.90 31039 31.48 97583.81 33.47 10.44 14.56 7.87 -0.68 -0.20 -0.48 0.00
5014 2022ASI-063 3104.00 31040 31.42 97584.52 33.47 10.58 14.28 7.52 -0.67 -0.33 -0.34 -0.60
5015 2022ASI-063 3104.10 31041 31.42 97584.52 33.47 10.15 14.65 7.44 -0.74 -0.27 -0.48 0.00
5016 2022ASI-063 3104.20 31042 31.42 97584.52 33.46 9.98 14.73 7.43 -0.74 -0.27 -0.48 0.00
5017 2022ASI-063 3104.30 31043 31.39 97584.86 33.46 10.10 14.73 7.47 -0.74 -0.27 -0.48 -0.30
5018 2022ASI-063 3104.40 31044 31.39 97584.86 33.46 9.72 14.87 7.34 -0.74 -0.20 -0.54 0.00
5019 2022ASI-063 3104.50 31045 31.32 97585.73 33.46 9.17 15.10 7.13 -0.74 -0.20 -0.54 -0.75
5020 2022ASI-063 3104.60 31046 31.32 97585.73 33.46 8.79 15.26 7.02 -0.81 -0.13 -0.68 0.00
5021 2022ASI-063 3104.70 31047 31.32 97585.73 33.46 8.71 15.31 7.00 -0.81 -0.13 -0.68 0.00
5022 2022ASI-063 3104.80 31048 31.29 97586.09 33.46 8.79 15.30 7.01 -0.81 -0.13 -0.68 -0.30
5023 2022ASI-063 3104.90 31049 31.29 97586.09 33.46 8.73 15.29 6.98 -0.81 -0.13 -0.68 0.00
5024 2022ASI-063 3105.00 31050 31.26 97586.44 33.46 8.74 15.29 7.01 -0.81 -0.13 -0.68 -0.30
5025 2022ASI-063 3105.10 31051 31.26 97586.44 33.46 8.74 15.29 7.05 -0.81 -0.13 -0.68 0.00
5026 2022ASI-063 3105.20 31052 31.26 97586.44 33.46 8.74 15.38 7.03 -0.81 -0.13 -0.68 0.00
5027 2022ASI-063 3105.30 31053 31.21 97586.96 33.46 8.30 15.19 6.54 -0.81 -0.13 -0.67 -0.45
5028 2022ASI-063 3105.40 31054 31.21 97586.96 33.46 8.45 15.43 6.91 -0.81 -0.13 -0.68 0.00
5029 2022ASI-063 3105.50 31055 31.21 97586.96 33.46 8.57 15.39 6.96 -0.81 -0.13 -0.68 0.00
5030 2022ASI-063 3105.60 31056 31.20 97587.14 33.46 8.44 15.40 6.89 -0.81 -0.13 -0.68 -0.16
5031 2022ASI-063 3105.70 31057 31.20 97587.14 33.46 8.54 15.39 6.94 -0.81 -0.13 -0.68 0.00
5032 2022ASI-063 3105.80 31058 31.14 97587.84 33.46 8.49 15.39 6.92 -0.81 -0.13 -0.68 -0.60
5033 2022ASI-063 3105.90 31059 31.14 97587.84 33.46 8.52 15.39 6.92 -0.81 -0.13 -0.68 0.00
5034 2022ASI-063 3106.00 31060 31.14 97587.84 33.46 8.50 15.38 6.94 -0.81 -0.13 -0.68 0.00
5035 2022ASI-063 3106.10 31061 31.11 97588.19 33.46 8.50 15.39 6.92 -0.81 -0.13 -0.68 -0.30
5036 2022ASI-063 3106.20 31062 31.11 97588.19 33.46 8.50 15.39 6.92 -0.81 -0.13 -0.68 0.00
5037 2022ASI-063 3106.30 31063 31.11 97588.19 33.46 8.46 15.39 6.95 -0.81 -0.13 -0.68 0.00
5038 2022ASI-063 3106.40 31064 31.09 97588.34 33.45 8.52 15.40 6.94 -0.81 -0.13 -0.68 -0.13
5039 2022ASI-063 3106.50 31065 31.09 97588.34 33.45 8.50 15.37 6.94 -0.81 -0.13 -0.68 0.00
5040 2022ASI-063 3106.60 31066 31.05 97588.86 33.45 8.49 15.38 6.96 -0.81 -0.13 -0.68 -0.45
5041 2022ASI-063 3106.70 31067 31.05 97588.86 33.45 8.50 15.39 6.92 -0.81 -0.13 -0.68 0.00
5042 2022ASI-063 3106.80 31068 31.05 97588.86 33.45 8.49 15.40 6.94 -0.81 -0.13 -0.68 0.00
5043 2022ASI-063 3106.90 31069 31.02 97589.20 33.45 8.49 15.38 6.94 -0.81 -0.13 -0.68 -0.29
5044 2022ASI-063 3107.00 31070 31.02 97589.20 33.45 8.49 15.40 6.92 -0.81 -0.13 -0.68 0.00
5045 2022ASI-063 3107.10 31071 31.02 97589.20 33.45 8.50 15.41 6.89 -0.81 -0.13 -0.68 0.00
5046 2022ASI-063 3107.20 31072 31.02 97589.21 33.45 8.48 15.40 6.91 -0.81 -0.13 -0.68 -0.00
5047 2022ASI-063 3107.30 31073 31.02 97589.21 33.45 8.49 15.40 6.94 -0.81 -0.13 -0.68 0.00
5048 2022ASI-063 3107.40 31074 31.00 97589.39 33.45 8.48 15.38 6.92 -0.81 -0.13 -0.68 -0.16
5049 2022ASI-063 3107.50 31075 31.00 97589.39 33.45 8.47 15.40 6.94 -0.81 -0.13 -0.68 0.00
5050 2022ASI-063 3107.60 31076 31.00 97589.39 33.45 8.49 15.39 6.90 -0.81 -0.13 -0.68 0.00
5051 2022ASI-063 3107.70 31077 31.00 97589.42 33.45 8.48 15.39 6.90 -0.81 -0.13 -0.68 -0.03
5052 2022ASI-063 3107.80 31078 31.00 97589.42 33.45 8.50 15.41 6.92 -0.81 -0.13 -0.68 0.00
5053 2022ASI-063 3107.90 31079 30.97 97589.77 33.45 8.48 15.40 6.92 -0.81 -0.13 -0.68 -0.29
5054 2022ASI-063 3108.00 31080 30.97 97589.77 33.45 8.48 15.39 6.91 -0.81 -0.13 -0.68 0.00
5055 2022ASI-063 3108.10 31081 30.97 97589.77 33.45 8.47 15.40 6.92 -0.81 -0.13 -0.68 0.00
5056 2022ASI-063 3108.20 31082 30.94 97590.12 33.45 8.48 15.39 6.96 -0.81 -0.13 -0.68 -0.31
5057 2022ASI-063 3108.30 31083 30.94 97590.12 33.45 8.47 15.40 6.92 -0.81 -0.13 -0.68 0.00
5058 2022ASI-063 3108.40 31084 30.94 97590.12 33.45 8.49 15.39 6.93 -0.81 -0.13 -0.68 0.00
5059 2022ASI-063 3108.50 31085 30.94 97590.12 33.45 8.47 15.41 6.92 -0.81 -0.13 -0.68 -0.00
5060 2022ASI-063 3108.60 31086 30.94 97590.12 33.45 8.48 15.39 6.93 -0.81 -0.13 -0.68 0.00
5061 2022ASI-063 3108.70 31087 30.93 97590.30 33.45 8.49 15.40 6.93 -0.81 -0.13 -0.68 -0.14
5062 2022ASI-063 3108.80 31088 30.93 97590.30 33.45 8.49 15.40 6.91 -0.81 -0.13 -0.68 0.00
5063 2022ASI-063 3108.90 31089 30.93 97590.30 33.45 8.47 15.40 6.93 -0.81 -0.13 -0.68 0.00
5064 2022ASI-063 3109.00 31090 30.88 97590.81 33.45 8.49 15.40 6.92 -0.81 -0.13 -0.68 -0.45
5065 2022ASI-063 3109.10 31091 30.88 97590.81 33.45 8.49 15.39 6.92 -0.81 -0.13 -0.68 0.00
5066 2022ASI-063 3109.20 31092 30.88 97590.81 33.45 8.49 15.38 6.93 -0.81 -0.13 -0.68 0.00
5067 2022ASI-063 3109.30 31093 30.85 97591.16 33.45 8.48 15.39 6.91 -0.81 -0.13 -0.68 -0.30
5068 2022ASI-063 3109.40 31094 30.85 97591.16 33.45 8.50 15.40 6.92 -0.81 -0.13 -0.68 0.00
5069 2022ASI-063 3109.50 31095 30.85 97591.17 33.44 8.49 15.40 6.93 -0.81 -0.13 -0.68 -0.01
5070 2022ASI-063 3109.60 31096 30.85 97591.17 33.44 8.49 15.40 6.92 -0.81 -0.13 -0.68 0.00
5071 2022ASI-063 3109.70 31097 30.85 97591.17 33.44 8.48 15.40 6.91 -0.81 -0.13 -0.68 0.00
5072 2022ASI-063 3109.80 31098 30.82 97591.52 33.44 8.46 15.40 6.90 -0.81 -0.13 -0.68 -0.29
5073 2022ASI-063 3109.90 31099 30.82 97591.52 33.44 8.49 15.40 6.89 -0.81 -0.13 -0.68 0.00
5074 2022ASI-063 3110.00 31100 30.82 97591.52 33.44 8.47 15.40 6.92 -0.81 -0.13 -0.68 0.00
5075 2022ASI-063 3110.10 31101 30.79 97591.86 33.44 8.47 15.40 6.93 -0.81 -0.13 -0.68 -0.30
5076 2022ASI-063 3110.20 31102 30.79 97591.86 33.44 8.47 15.40 6.91 -0.81 -0.13 -0.68 0.00
5077 2022ASI-063 3110.30 31103 30.80 97591.70 33.44 8.48 15.39 6.91 -0.81 -0.13 -0.68 0.14
5078 2022ASI-063 3110.40 31104 30.80 97591.70 33.44 8.47 15.40 6.93 -0.81 -0.13 -0.68 0.00
5079 2022ASI-063 3110.50 31105 30.80 97591.70 33.44 8.47 15.39 6.91 -0.81 -0.13 -0.68 0.00
5080 2022ASI-063 3110.60 31106 30.79 97591.87 33.44 8.46 15.41 6.94 -0.81 -0.13 -0.68 -0.15
5081 2022ASI-063 3110.70 31107 30.79 97591.87 33.44 8.49 15.43 6.94 -0.81 -0.13 -0.68 0.00
5082 2022ASI-063 3110.80 31108 30.81 97591.67 33.44 8.47 15.41 6.96 -0.81 -0.13 -0.68 0.17
5083 2022ASI-063 3110.90 31109 30.81 97591.67 33.44 8.48 15.41 6.90 -0.81 -0.13 -0.68 0.00
5084 2022ASI-063 3111.00 31110 30.81 97591.67 33.44 8.46 15.38 6.92 -0.81 -0.13 -0.68 0.00
5085 2022ASI-063 3111.10 31111 30.79 97591.84 33.44 8.48 15.41 6.94 -0.81 -0.13 -0.68 -0.14
5086 2022ASI-063 3111.20 31112 30.79 97591.84 33.44 8.46 15.39 6.91 -0.81 -0.13 -0.68 0.00
5087 2022ASI-063 3111.30 31113 30.79 97591.84 33.44 8.45 15.41 6.96 -0.81 -0.13 -0.68 0.00
5088 2022ASI-063 3111.40 31114 30.76 97592.19 33.44 8.47 15.40 6.93 -0.81 -0.13 -0.68 -0.29
5089 2022ASI-063 3111.50 31115 30.76 97592.19 33.44 8.47 15.39 6.92 -0.81 -0.13 -0.68 0.00
5090 2022ASI-063 3111.60 31116 30.78 97592.02 33.44 8.45 15.40 6.91 -0.81 -0.13 -0.68 0.14
5091 2022ASI-063 3111.70 31117 30.78 97592.02 33.44 8.47 15.41 6.97 -0.81 -0.13 -0.68 0.00
5092 2022ASI-063 3111.80 31118 30.78 97592.02 33.44 8.45 15.40 6.94 -0.81 -0.13 -0.68 0.00
5093 2022ASI-063 3111.90 31119 30.75 97592.37 33.44 8.44 15.40 6.93 -0.81 -0.13 -0.68 -0.30
5094 2022ASI-063 3112.00 31120 30.75 97592.37 33.44 8.48 15.38 6.91 -0.81 -0.13 -0.68 0.00
5095 2022ASI-063 3112.10 31121 30.75 97592.37 33.44 8.46 15.41 6.90 -0.81 -0.13 -0.68 0.00
5096 2022ASI-063 3112.20 31122 30.73 97592.55 33.44 8.46 15.39 6.92 -0.81 -0.13 -0.68 -0.16
5097 2022ASI-063 3112.30 31123 30.73 97592.55 33.44 8.47 15.39 6.91 -0.81 -0.13 -0.68 0.00
5098 2022ASI-063 3112.40 31124 30.75 97592.38 33.43 8.47 15.39 6.95 -0.81 -0.13 -0.68 0.15
5099 2022ASI-063 3112.50 31125 30.75 97592.38 33.43 8.38 15.42 6.88 -0.81 -0.13 -0.68 0.00
5100 2022ASI-063 3112.60 31126 30.75 97592.38 33.43 8.52 15.44 6.95 -0.81 -0.13 -0.68 0.00
5101 2022ASI-063 3112.70 31127 30.73 97592.55 33.43 8.23 15.45 6.87 -0.81 -0.07 -0.74 -0.15
5102 2022ASI-063 3112.80 31128 30.73 97592.55 33.43 8.45 15.30 6.45 -0.87 -0.20 -0.68 0.00
5103 2022ASI-063 3112.90 31129 30.73 97592.55 33.43 7.86 15.43 6.42 -0.87 -0.13 -0.74 0.00
5104 2022ASI-063 3113.00 31130 30.72 97592.72 33.43 6.27 15.87 6.42 -0.87 -0.00 -0.87 -0.14
5105 2022ASI-063 3113.10 31131 30.72 97592.72 33.43 6.79 15.90 6.48 -0.87 -0.07 -0.81 0.00
5106 2022ASI-063 3113.20 31132 30.70 97592.90 33.43 7.17 15.75 6.36 -0.87 -0.07 -0.81 -0.16
5107 2022ASI-063 3113.30 31133 30.70 97592.90 33.43 6.59 15.64 5.99 -0.94 -0.07 -0.87 0.00
5108 2022ASI-063 3113.40 31134 30.70 97592.90 33.43 7.16 15.76 6.54 -0.87 -0.07 -0.81 0.00
5109 2022ASI-063 3113.50 31135 30.67 97593.25 33.43 7.67 15.67 6.68 -0.87 -0.13 -0.74 -0.30
5110 2022ASI-063 3113.60 31136 30.67 97593.25 33.43 7.81 15.64 6.73 -0.87 -0.13 -0.74 0.00
5111 2022ASI-063 3113.70 31137 30.70 97592.91 33.43 7.73 15.66 6.66 -0.87 -0.13 -0.74 0.29
5112 2022ASI-063 3113.80 31138 30.70 97592.91 33.43 7.07 15.73 6.61 -0.87 -0.07 -0.81 0.00
5113 2022ASI-063 3113.90 31139 30.70 97592.91 33.43 7.25 15.84 6.81 -0.81 -0.00 -0.81 0.00
5114 2022ASI-063 3114.00 31140 30.67 97593.25 33.43 6.95 15.87 6.62 -0.87 -0.07 -0.81 -0.29
5115 2022ASI-063 3114.10 31141 30.67 97593.25 33.43 6.68 15.67 6.24 -0.87 -0.00 -0.87 0.00
5116 2022ASI-063 3114.20 31142 30.67 97593.25 33.43 6.93 15.90 6.28 -0.87 -0.07 -0.81 0.00
5117 2022ASI-063 3114.30 31143 30.67 97593.25 33.43 6.48 15.79 6.06 -0.87 -0.00 -0.87 0.00
5118 2022ASI-063 3114.40 31144 30.67 97593.25 33.43 5.94 15.94 6.23 -0.87 0.06 -0.94 0.00
5119 2022ASI-063 3114.50 31145 30.70 97592.91 33.43 6.10 15.89 6.11 -0.87 -0.00 -0.87 0.29
5120 2022ASI-063 3114.60 31146 30.70 97592.91 33.43 6.00 15.97 6.18 -0.87 0.06 -0.94 0.00
5121 2022ASI-063 3114.70 31147 30.70 97592.91 33.43 5.88 16.09 6.24 -0.94 0.06 -1.01 0.00
5122 2022ASI-063 3114.80 31148 30.69 97593.08 33.43 6.28 15.98 6.22 -0.87 -0.00 -0.87 -0.14
5123 2022ASI-063 3114.90 31149 30.69 97593.08 33.43 6.18 15.92 6.25 -0.87 -0.00 -0.87 0.00
5124 2022ASI-063 3115.00 31150 30.69 97593.08 33.43 6.61 15.87 6.37 -0.87 -0.00 -0.87 0.00
5125 2022ASI-063 3115.10 31151 30.70 97592.91 33.43 6.94 15.80 6.50 -0.87 -0.07 -0.81 0.14
5126 2022ASI-063 3115.20 31152 30.70 97592.91 33.43 7.07 15.79 6.51 -0.87 -0.07 -0.81 0.00
5127 2022ASI-063 3115.30 31153 30.69 97593.08 33.43 7.07 15.78 6.49 -0.87 -0.07 -0.81 -0.14
5128 2022ASI-063 3115.40 31154 30.69 97593.08 33.43 7.01 15.88 6.60 -0.87 -0.07 -0.81 0.00
5129 2022ASI-063 3115.50 31155 30.69 97593.08 33.43 6.83 15.78 6.39 -0.87 -0.07 -0.81 0.00
5130 2022ASI-063 3115.60 31156 30.72 97592.73 33.43 6.63 15.95 6.29 -0.87 -0.00 -0.87 0.30
5131 2022ASI-063 3115.70 31157 30.72 97592.73 33.43 6.97 15.80 6.50 -0.87 -0.07 -0.81 0.00
5132 2022ASI-063 3115.80 31158 30.72 97592.73 33.43 6.87 15.85 6.48 -0.87 -0.07 -0.81 0.00
5133 2022ASI-063 3115.90 31159 30.70 97592.91 33.43 6.96 15.80 6.32 -0.87 -0.07 -0.81 -0.15
5134 2022ASI-063 3116.00 31160 30.70 97592.91 33.43 6.95 15.83 6.41 -0.87 -0.07 -0.81 0.00
5135 2022ASI-063 3116.10 31161 30.69 97593.08 33.43 6.88 15.83 6.50 -0.87 -0.07 -0.81 -0.14
5136 2022ASI-063 3116.20 31162 30.69 97593.08 33.43 7.00 15.82 6.45 -0.87 -0.07 -0.81 0.00
5137 2022ASI-063 3116.30 31163 30.69 97593.08 33.43 7.02 15.79 6.53 -0.87 -0.07 -0.81 0.00
5138 2022ASI-063 3116.40 31164 30.66 97593.43 33.43 7.11 15.80 6.51 -0.87 -0.07 -0.81 -0.31
5139 2022ASI-063 3116.50 31165 30.66 97593.43 33.43 7.00 15.81 6.50 -0.87 -0.07 -0.81 0.00
5140 2022ASI-063 3116.60 31166 30.66 97593.43 33.43 7.13 15.77 6.51 -0.87 -0.07 -0.81 0.00
5141 2022ASI-063 3116.70 31167 30.64 97593.60 33.43 7.09 15.78 6.55 -0.87 -0.07 -0.81 -0.15
5142 2022ASI-063 3116.80 31168 30.64 97593.60 33.43 7.12 15.77 6.48 -0.87 -0.07 -0.81 0.00
5143 2022ASI-063 3116.90 31169 30.64 97593.60 33.43 7.12 15.78 6.51 -0.87 -0.07 -0.81 0.00
5144 2022ASI-063 3117.00 31170 30.64 97593.60 33.43 7.20 15.90 6.62 -0.87 -0.07 -0.81 0.00
5145 2022ASI-063 3117.10 31171 30.64 97593.60 33.43 6.88 15.44 6.52 -0.87 -0.07 -0.81 0.00
5146 2022ASI-063 3117.20 31172 30.63 97593.78 33.43 7.27 15.80 6.57 -0.87 -0.07 -0.81 -0.15
5147 2022ASI-063 3117.30 31173 30.63 97593.78 33.43 7.61 15.70 6.69 -0.87 -0.13 -0.74 0.00
5148 2022ASI-063 3117.40 31174 30.66 97593.44 33.42 7.42 15.74 6.66 -0.87 -0.07 -0.81 0.29
5149 2022ASI-063 3117.50 31175 30.66 97593.44 33.42 7.28 15.72 6.60 -0.87 -0.07 -0.81 0.00
5150 2022ASI-063 3117.60 31176 30.66 97593.44 33.42 7.47 15.72 6.65 -0.87 -0.07 -0.81 0.00
5151 2022ASI-063 3117.70 31177 30.64 97593.61 33.42 7.42 15.71 6.63 -0.87 -0.07 -0.81 -0.15
5152 2022ASI-063 3117.80 31178 30.64 97593.61 33.42 7.43 15.69 6.64 -0.87 -0.07 -0.81 0.00
5153 2022ASI-063 3117.90 31179 30.64 97593.61 33.42 7.43 15.71 6.62 -0.87 -0.07 -0.81 0.00
5154 2022ASI-063 3118.00 31180 30.66 97593.44 33.42 7.44 15.69 6.66 -0.87 -0.07 -0.81 0.15
5155 2022ASI-063 3118.10 31181 30.66 97593.44 33.42 7.44 15.71 6.65 -0.87 -0.07 -0.81 0.00
5156 2022ASI-063 3118.20 31182 30.64 97593.61 33.42 7.45 15.69 6.65 -0.87 -0.07 -0.81 -0.15
5157 2022ASI-063 3118.30 31183 30.64 97593.61 33.42 7.46 15.71 6.66 -0.87 -0.07 -0.81 0.00
5158 2022ASI-063 3118.40 31184 30.64 97593.61 33.42 7.47 15.69 6.68 -0.87 -0.07 -0.81 0.00
5159 2022ASI-063 3118.50 31185 30.63 97593.78 33.42 7.45 15.74 6.70 -0.87 -0.07 -0.81 -0.15
5160 2022ASI-063 3118.60 31186 30.63 97593.78 33.42 7.48 15.70 6.62 -0.87 -0.07 -0.81 0.00
5161 2022ASI-063 3118.70 31187 30.63 97593.78 33.42 7.46 15.69 6.61 -0.87 -0.07 -0.81 0.00
5162 2022ASI-063 3118.80 31188 30.61 97593.95 33.42 7.46 15.69 6.66 -0.87 -0.07 -0.81 -0.15
5163 2022ASI-063 3118.90 31189 30.61 97593.95 33.42 7.50 15.69 6.63 -0.87 -0.07 -0.81 0.00
5164 2022ASI-063 3119.00 31190 30.61 97593.95 33.42 7.49 15.68 6.64 -0.87 -0.07 -0.81 0.00
5165 2022ASI-063 3119.10 31191 30.61 97593.95 33.42 7.48 15.67 6.65 -0.87 -0.07 -0.81 0.00
5166 2022ASI-063 3119.20 31192 30.61 97593.95 33.42 7.47 15.67 6.65 -0.87 -0.07 -0.81 0.00
5167 2022ASI-063 3119.30 31193 30.61 97593.95 33.42 7.51 15.67 6.65 -0.87 -0.07 -0.81 0.00
5168 2022ASI-063 3119.40 31194 30.61 97593.95 33.42 7.50 15.70 6.68 -0.87 -0.07 -0.81 0.00
5169 2022ASI-063 3119.50 31195 30.61 97593.95 33.42 7.53 15.71 6.63 -0.87 -0.07 -0.81 0.00
5170 2022ASI-063 3119.60 31196 30.61 97593.95 33.42 7.50 15.69 6.68 -0.87 -0.07 -0.81 0.00
5171 2022ASI-063 3119.70 31197 30.61 97593.95 33.42 7.50 15.69 6.65 -0.87 -0.07 -0.81 0.00
5172 2022ASI-063 3119.80 31198 30.60 97594.12 33.42 7.50 15.68 6.68 -0.87 -0.07 -0.81 -0.15
5173 2022ASI-063 3119.90 31199 30.60 97594.12 33.42 7.51 15.68 6.65 -0.87 -0.07 -0.81 0.00
5174 2022ASI-063 3120.00 31200 30.60 97594.12 33.42 7.52 15.70 6.64 -0.87 -0.07 -0.81 0.00
5175 2022ASI-063 3120.10 31201 30.63 97593.75 33.42 7.48 15.70 6.67 -0.87 -0.07 -0.81 0.32
5176 2022ASI-063 3120.20 31202 30.63 97593.75 33.42 7.52 15.69 6.69 -0.87 -0.07 -0.81 0.00
5177 2022ASI-063 3120.30 31203 30.61 97593.94 33.42 7.51 15.69 6.63 -0.87 -0.07 -0.81 -0.16
5178 2022ASI-063 3120.40 31204 30.61 97593.94 33.42 7.50 15.70 6.67 -0.87 -0.07 -0.81 0.00
5179 2022ASI-063 3120.50 31205 30.61 97593.94 33.42 7.51 15.70 6.66 -0.87 -0.07 -0.81 0.00
5180 2022ASI-063 3120.60 31206 30.61 97593.94 33.42 7.49 15.68 6.70 -0.87 -0.07 -0.81 0.00
5181 2022ASI-063 3120.70 31207 30.61 97593.94 33.42 7.50 15.70 6.68 -0.87 -0.07 -0.81 0.00
5182 2022ASI-063 3120.80 31208 30.61 97593.94 33.42 7.52 15.70 6.68 -0.87 -0.07 -0.81 0.00
5183 2022ASI-063 3120.90 31209 30.60 97594.11 33.42 7.52 15.68 6.68 -0.87 -0.07 -0.81 -0.15
5184 2022ASI-063 3121.00 31210 30.60 97594.11 33.42 7.54 15.70 6.68 -0.87 -0.07 -0.81 0.00
5185 2022ASI-063 3121.10 31211 30.60 97594.11 33.42 7.50 15.69 6.67 -0.87 -0.07 -0.81 0.00
5186 2022ASI-063 3121.20 31212 30.60 97594.11 33.42 7.50 15.68 6.68 -0.87 -0.07 -0.81 0.00
5187 2022ASI-063 3121.30 31213 30.60 97594.11 33.42 7.52 15.67 6.70 -0.87 -0.07 -0.81 0.00
5188 2022ASI-063 3121.40 31214 30.58 97594.28 33.42 7.52 15.68 6.67 -0.87 -0.07 -0.81 -0.14
5189 2022ASI-063 3121.50 31215 30.58 97594.28 33.42 7.52 15.70 6.68 -0.87 -0.07 -0.81 0.00
5190 2022ASI-063 3121.60 31216 30.58 97594.28 33.42 7.53 15.69 6.70 -0.87 -0.07 -0.81 0.00
5191 2022ASI-063 3121.70 31217 30.60 97594.13 33.42 7.53 15.68 6.67 -0.87 -0.07 -0.81 0.12
5192 2022ASI-063 3121.80 31218 30.60 97594.13 33.42 7.52 15.70 6.68 -0.87 -0.07 -0.81 0.00
5193 2022ASI-063 3121.90 31219 30.61 97593.96 33.42 7.52 15.69 6.69 -0.87 -0.07 -0.81 0.15
5194 2022ASI-063 3122.00 31220 30.61 97593.96 33.42 7.52 15.68 6.66 -0.87 -0.07 -0.81 0.00
5195 2022ASI-063 3122.10 31221 30.61 97593.96 33.42 7.55 15.70 6.67 -0.87 -0.13 -0.74 0.00
5196 2022ASI-063 3122.20 31222 30.61 97593.96 33.42 7.54 15.67 6.71 -0.87 -0.13 -0.74 0.00
5197 2022ASI-063 3122.30 31223 30.61 97593.96 33.42 7.53 15.68 6.70 -0.87 -0.07 -0.81 0.00
5198 2022ASI-063 3122.40 31224 30.61 97593.96 33.42 7.54 15.67 6.67 -0.87 -0.13 -0.74 0.00
5199 2022ASI-063 3122.50 31225 30.60 97594.13 33.42 7.53 15.69 6.69 -0.87 -0.07 -0.81 -0.15
5200 2022ASI-063 3122.60 31226 30.60 97594.13 33.42 7.52 15.69 6.67 -0.87 -0.07 -0.81 0.00
5201 2022ASI-063 3122.70 31227 30.58 97594.31 33.42 7.52 15.68 6.65 -0.87 -0.07 -0.81 -0.15
5202 2022ASI-063 3122.80 31228 30.58 97594.31 33.42 7.52 15.69 6.70 -0.87 -0.07 -0.81 0.00
5203 2022ASI-063 3122.90 31229 30.58 97594.31 33.42 7.52 15.69 6.70 -0.87 -0.07 -0.81 0.00
5204 2022ASI-063 3123.00 31230 30.57 97594.48 33.42 7.53 15.68 6.69 -0.87 -0.07 -0.81 -0.15
5205 2022ASI-063 3123.10 31231 30.57 97594.48 33.42 7.51 15.68 6.67 -0.87 -0.07 -0.81 0.00
5206 2022ASI-063 3123.20 31232 30.57 97594.48 33.42 7.52 15.70 6.71 -0.87 -0.07 -0.81 0.00
5207 2022ASI-063 3123.30 31233 30.58 97594.31 33.42 7.52 15.68 6.68 -0.87 -0.07 -0.81 0.15
5208 2022ASI-063 3123.40 31234 30.58 97594.31 33.42 7.55 15.68 6.69 -0.87 -0.13 -0.74 0.00
5209 2022ASI-063 3123.50 31235 30.57 97594.48 33.42 7.52 15.67 6.67 -0.87 -0.07 -0.81 -0.15
5210 2022ASI-063 3123.60 31236 30.57 97594.48 33.42 7.52 15.68 6.71 -0.87 -0.07 -0.81 0.00
5211 2022ASI-063 3123.70 31237 30.57 97594.48 33.42 7.55 15.67 6.68 -0.87 -0.13 -0.74 0.00
5212 2022ASI-063 3123.80 31238 30.55 97594.66 33.42 7.53 15.69 6.68 -0.87 -0.07 -0.81 -0.15
5213 2022ASI-063 3123.90 31239 30.55 97594.66 33.42 7.53 15.67 6.68 -0.87 -0.07 -0.81 0.00
5214 2022ASI-063 3124.00 31240 30.58 97594.31 33.42 7.53 15.67 6.69 -0.87 -0.07 -0.81 0.30
5215 2022ASI-063 3124.10 31241 30.58 97594.31 33.42 7.53 15.69 6.69 -0.87 -0.07 -0.81 0.00
5216 2022ASI-063 3124.20 31242 30.58 97594.31 33.42 7.53 15.69 6.67 -0.87 -0.07 -0.81 0.00
5217 2022ASI-063 3124.30 31243 30.57 97594.48 33.42 7.52 15.69 6.68 -0.87 -0.07 -0.81 -0.15
5218 2022ASI-063 3124.40 31244 30.57 97594.48 33.42 7.53 15.67 6.68 -0.87 -0.07 -0.81 0.00
5219 2022ASI-063 3124.50 31245 30.57 97594.48 33.42 7.54 15.68 6.70 -0.87 -0.07 -0.81 0.00
5220 2022ASI-063 3124.60 31246 30.57 97594.48 33.42 7.55 15.68 6.69 -0.87 -0.13 -0.74 0.00
5221 2022ASI-063 3124.70 31247 30.57 97594.48 33.42 7.55 15.70 6.69 -0.87 -0.13 -0.74 0.00
5222 2022ASI-063 3124.80 31248 30.55 97594.66 33.42 7.55 15.68 6.71 -0.87 -0.13 -0.74 -0.16
5223 2022ASI-063 3124.90 31249 30.55 97594.66 33.42 7.54 15.67 6.70 -0.87 -0.07 -0.81 0.00
5224 2022ASI-063 3125.00 31250 30.55 97594.66 33.42 7.53 15.68 6.69 -0.87 -0.07 -0.81 0.00
5225 2022ASI-063 3125.10 31251 30.54 97594.84 33.42 7.54 15.69 6.68 -0.87 -0.07 -0.81 -0.15
5226 2022ASI-063 3125.20 31252 30.54 97594.84 33.42 7.55 15.67 6.69 -0.87 -0.13 -0.74 0.00
5227 2022ASI-063 3125.30 31253 30.54 97594.84 33.42 7.54 15.69 6.68 -0.87 -0.13 -0.74 0.00
5228 2022ASI-063 3125.40 31254 30.54 97594.84 33.42 7.55 15.67 6.68 -0.87 -0.13 -0.74 0.00
5229 2022ASI-063 3125.50 31255 30.54 97594.84 33.42 7.54 15.68 6.70 -0.87 -0.13 -0.74 0.00
5230 2022ASI-063 3125.60 31256 30.54 97594.84 33.42 7.54 15.67 6.66 -0.87 -0.13 -0.74 0.00
5231 2022ASI-063 3125.70 31257 30.54 97594.84 33.42 7.56 15.67 6.69 -0.87 -0.13 -0.74 0.00
5232 2022ASI-063 3125.80 31258 30.54 97594.84 33.42 7.52 15.67 6.69 -0.87 -0.07 -0.81 0.00
5233 2022ASI-063 3125.90 31259 30.52 97595.01 33.42 7.55 15.67 6.70 -0.87 -0.13 -0.74 -0.15
5234 2022ASI-063 3126.00 31260 30.52 97595.01 33.42 7.54 15.69 6.68 -0.87 -0.07 -0.81 0.00
5235 2022ASI-063 3126.10 31261 30.52 97595.01 33.42 7.55 15.66 6.70 -0.87 -0.13 -0.74 0.00
5236 2022ASI-063 3126.20 31262 30.50 97595.19 33.42 7.54 15.67 6.69 -0.87 -0.13 -0.74 -0.16
5237 2022ASI-063 3126.30 31263 30.50 97595.19 33.42 7.55 15.70 6.68 -0.87 -0.13 -0.74 0.00
5238 2022ASI-063 3126.40 31264 30.52 97595.01 33.42 7.56 15.69 6.69 -0.87 -0.13 -0.74 0.16
5239 2022ASI-063 3126.50 31265 30.52 97595.01 33.42 7.54 15.67 6.71 -0.87 -0.13 -0.74 0.00
5240 2022ASI-063 3126.60 31266 30.52 97595.01 33.42 7.56 15.68 6.66 -0.87 -0.13 -0.74 0.00
5241 2022ASI-063 3126.70 31267 30.52 97595.01 33.42 7.55 15.68 6.69 -0.87 -0.13 -0.74 0.00
5242 2022ASI-063 3126.80 31268 30.52 97595.01 33.42 7.54 15.70 6.68 -0.87 -0.13 -0.74 0.00
5243 2022ASI-063 3126.90 31269 30.52 97595.01 33.42 7.56 15.68 6.74 -0.87 -0.13 -0.74 0.00
5244 2022ASI-063 3127.00 31270 30.52 97595.01 33.42 7.55 15.69 6.69 -0.87 -0.13 -0.74 0.00
5245 2022ASI-063 3127.10 31271 30.52 97595.01 33.42 7.55 15.67 6.66 -0.87 -0.13 -0.74 0.00
5246 2022ASI-063 3127.20 31272 30.50 97595.19 33.42 7.55 15.69 6.73 -0.87 -0.13 -0.74 -0.16
5247 2022ASI-063 3127.30 31273 30.50 97595.19 33.42 7.57 15.68 6.68 -0.87 -0.13 -0.74 0.00
5248 2022ASI-063 3127.40 31274 30.50 97595.19 33.42 7.56 15.66 6.68 -0.87 -0.13 -0.74 0.00
5249 2022ASI-063 3127.50 31275 30.53 97594.84 33.41 7.55 15.68 6.70 -0.87 -0.13 -0.74 0.30
5250 2022ASI-063 3127.60 31276 30.53 97594.84 33.41 7.55 15.68 6.68 -0.87 -0.13 -0.74 0.00
5251 2022ASI-063 3127.70 31277 30.55 97594.67 33.41 7.53 15.67 6.70 -0.87 -0.07 -0.81 0.15
5252 2022ASI-063 3127.80 31278 30.55 97594.67 33.41 7.56 15.68 6.71 -0.87 -0.13 -0.74 0.00
5253 2022ASI-063 3127.90 31279 30.55 97594.67 33.41 7.56 15.69 6.70 -0.87 -0.13 -0.74 0.00
5254 2022ASI-063 3128.00 31280 30.53 97594.84 33.41 7.55 15.68 6.69 -0.87 -0.13 -0.74 -0.15
5255 2022ASI-063 3128.10 31281 30.53 97594.84 33.41 7.52 15.66 6.69 -0.87 -0.07 -0.81 0.00
5256 2022ASI-063 3128.20 31282 30.53 97594.84 33.41 7.55 15.69 6.68 -0.87 -0.13 -0.74 0.00
5257 2022ASI-063 3128.30 31283 30.53 97594.84 33.41 7.55 15.67 6.69 -0.87 -0.13 -0.74 0.00
5258 2022ASI-063 3128.40 31284 30.53 97594.84 33.41 7.55 15.69 6.69 -0.87 -0.13 -0.74 0.00
5259 2022ASI-063 3128.50 31285 30.53 97594.84 33.41 7.55 15.66 6.70 -0.87 -0.13 -0.74 0.00
5260 2022ASI-063 3128.60 31286 30.53 97594.84 33.41 7.55 15.67 6.72 -0.87 -0.13 -0.74 0.00
5261 2022ASI-063 3128.70 31287 30.53 97594.84 33.41 7.57 15.68 6.66 -0.87 -0.13 -0.74 0.00
5262 2022ASI-063 3128.80 31288 30.50 97595.19 33.42 7.54 15.66 6.71 -0.87 -0.13 -0.74 -0.30
5263 2022ASI-063 3128.90 31289 30.50 97595.19 33.42 7.55 15.70 6.69 -0.87 -0.13 -0.74 0.00
5264 2022ASI-063 3129.00 31290 30.50 97595.19 33.42 7.55 15.69 6.72 -0.87 -0.13 -0.74 0.00
5265 2022ASI-063 3129.10 31291 30.49 97595.36 33.42 7.55 15.69 6.70 -0.87 -0.13 -0.74 -0.15
5266 2022ASI-063 3129.20 31292 30.49 97595.36 33.42 7.58 15.67 6.69 -0.87 -0.13 -0.74 0.00
5267 2022ASI-063 3129.30 31293 30.50 97595.19 33.42 7.55 15.68 6.68 -0.87 -0.13 -0.74 0.15
5268 2022ASI-063 3129.40 31294 30.50 97595.19 33.42 7.54 15.66 6.71 -0.87 -0.07 -0.81 0.00
5269 2022ASI-063 3129.50 31295 30.50 97595.19 33.42 7.55 15.68 6.70 -0.87 -0.13 -0.74 0.00
5270 2022ASI-063 3129.60 31296 30.52 97595.01 33.42 7.57 15.67 6.72 -0.87 -0.13 -0.74 0.16
5271 2022ASI-063 3129.70 31297 30.52 97595.01 33.42 7.56 15.67 6.69 -0.87 -0.13 -0.74 0.00
5272 2022ASI-063 3129.80 31298 30.50 97595.19 33.42 7.55 15.67 6.68 -0.87 -0.13 -0.74 -0.16
5273 2022ASI-063 3129.90 31299 30.50 97595.19 33.42 7.55 15.68 6.69 -0.87 -0.13 -0.74 0.00
5274 2022ASI-063 3130.00 31300 30.50 97595.19 33.42 7.55 15.70 6.68 -0.87 -0.13 -0.74 0.00
5275 2022ASI-063 3130.10 31301 30.50 97595.19 33.42 7.54 15.66 6.68 -0.87 -0.13 -0.74 0.00
5276 2022ASI-063 3130.20 31302 30.50 97595.19 33.42 7.56 15.68 6.68 -0.87 -0.13 -0.74 0.00
5277 2022ASI-063 3130.30 31303 30.50 97595.19 33.42 7.54 15.68 6.71 -0.87 -0.13 -0.74 0.00
5278 2022ASI-063 3130.40 31304 30.50 97595.19 33.42 7.55 15.67 6.70 -0.87 -0.13 -0.74 0.00
5279 2022ASI-063 3130.50 31305 30.50 97595.19 33.42 7.56 15.66 6.67 -0.87 -0.13 -0.74 0.00
5280 2022ASI-063 3130.60 31306 30.50 97595.19 33.42 7.55 15.67 6.68 -0.87 -0.13 -0.74 0.00
5281 2022ASI-063 3130.70 31307 30.50 97595.19 33.42 7.55 15.69 6.71 -0.87 -0.13 -0.74 0.00
5282 2022ASI-063 3130.80 31308 30.50 97595.19 33.42 7.57 15.67 6.68 -0.87 -0.13 -0.74 0.00
5283 2022ASI-063 3130.90 31309 30.49 97595.36 33.42 7.54 15.68 6.68 -0.87 -0.07 -0.81 -0.15
5284 2022ASI-063 3131.00 31310 30.49 97595.36 33.42 7.57 15.68 6.68 -0.87 -0.13 -0.74 0.00
5285 2022ASI-063 3131.10 31311 30.49 97595.36 33.42 7.56 15.67 6.68 -0.87 -0.13 -0.74 0.00
5286 2022ASI-063 3131.20 31312 30.50 97595.19 33.42 7.56 15.68 6.67 -0.87 -0.13 -0.74 0.15
5287 2022ASI-063 3131.30 31313 30.50 97595.19 33.42 7.57 15.67 6.68 -0.87 -0.13 -0.74 0.00
5288 2022ASI-063 3131.40 31314 30.50 97595.19 33.42 7.57 15.67 6.71 -0.87 -0.13 -0.74 0.00
5289 2022ASI-063 3131.50 31315 30.50 97595.19 33.42 7.55 15.67 6.69 -0.87 -0.13 -0.74 0.00
5290 2022ASI-063 3131.60 31316 30.50 97595.19 33.42 7.54 15.68 6.71 -0.87 -0.13 -0.74 0.00
5291 2022ASI-063 3131.70 31317 30.50 97595.19 33.42 7.57 15.68 6.71 -0.87 -0.13 -0.74 0.00
5292 2022ASI-063 3131.80 31318 30.50 97595.19 33.42 7.56 15.69 6.69 -0.87 -0.13 -0.74 0.00
5293 2022ASI-063 3131.90 31319 30.50 97595.19 33.42 7.54 15.68 6.70 -0.87 -0.13 -0.74 0.00
5294 2022ASI-063 3132.00 31320 30.49 97595.36 33.42 7.55 15.66 6.70 -0.87 -0.13 -0.74 -0.15
5295 2022ASI-063 3132.10 31321 30.49 97595.36 33.42 7.57 15.68 6.69 -0.87 -0.13 -0.74 0.00
5296 2022ASI-063 3132.20 31322 30.49 97595.36 33.42 7.54 15.68 6.68 -0.87 -0.13 -0.74 0.00
5297 2022ASI-063 3132.30 31323 30.49 97595.36 33.42 7.58 15.66 6.68 -0.87 -0.13 -0.74 0.00
5298 2022ASI-063 3132.40 31324 30.49 97595.36 33.42 7.55 15.68 6.69 -0.87 -0.13 -0.74 0.00
5299 2022ASI-063 3132.50 31325 30.48 97595.53 33.42 7.56 15.68 6.74 -0.87 -0.13 -0.74 -0.14
5300 2022ASI-063 3132.60 31326 30.48 97595.53 33.42 7.55 15.67 6.70 -0.87 -0.13 -0.74 0.00
5301 2022ASI-063 3132.70 31327 30.48 97595.53 33.42 7.55 15.68 6.72 -0.87 -0.13 -0.74 0.00
5302 2022ASI-063 3132.80 31328 30.49 97595.36 33.42 7.55 15.67 6.70 -0.87 -0.13 -0.74 0.14
5303 2022ASI-063 3132.90 31329 30.49 97595.36 33.42 7.53 15.68 6.68 -0.87 -0.07 -0.81 0.00
5304 2022ASI-063 3133.00 31330 30.48 97595.53 33.42 7.58 15.67 6.68 -0.87 -0.13 -0.74 -0.14
5305 2022ASI-063 3133.10 31331 30.48 97595.53 33.42 7.57 15.67 6.71 -0.87 -0.13 -0.74 0.00
5306 2022ASI-063 3133.20 31332 30.48 97595.53 33.42 7.57 15.68 6.72 -0.87 -0.13 -0.74 0.00
5307 2022ASI-063 3133.30 31333 30.48 97595.53 33.42 7.56 15.67 6.67 -0.87 -0.13 -0.74 0.00
5308 2022ASI-063 3133.40 31334 30.48 97595.53 33.42 7.56 15.68 6.70 -0.87 -0.13 -0.74 0.00
5309 2022ASI-063 3133.50 31335 30.49 97595.36 33.42 7.57 15.68 6.68 -0.87 -0.13 -0.74 0.14
5310 2022ASI-063 3133.60 31336 30.49 97595.36 33.42 7.56 15.67 6.69 -0.87 -0.13 -0.74 0.00
5311 2022ASI-063 3133.70 31337 30.49 97595.36 33.42 7.55 15.68 6.70 -0.87 -0.13 -0.74 0.00
5312 2022ASI-063 3133.80 31338 30.48 97595.53 33.42 7.55 15.67 6.71 -0.87 -0.13 -0.74 -0.14
5313 2022ASI-063 3133.90 31339 30.48 97595.53 33.42 7.55 15.68 6.67 -0.87 -0.13 -0.74 0.00
5314 2022ASI-063 3134.00 31340 30.48 97595.53 33.42 7.57 15.67 6.71 -0.87 -0.13 -0.74 0.00
5315 2022ASI-063 3134.10 31341 30.49 97595.36 33.42 7.56 15.67 6.70 -0.87 -0.13 -0.74 0.14
5316 2022ASI-063 3134.20 31342 30.49 97595.36 33.42 7.57 15.67 6.69 -0.87 -0.13 -0.74 0.00
5317 2022ASI-063 3134.30 31343 30.48 97595.53 33.42 7.55 15.68 6.70 -0.87 -0.13 -0.74 -0.14
5318 2022ASI-063 3134.40 31344 30.48 97595.53 33.42 7.57 15.66 6.69 -0.87 -0.13 -0.74 0.00
5319 2022ASI-063 3134.50 31345 30.48 97595.53 33.42 7.55 15.68 6.70 -0.87 -0.13 -0.74 0.00
5320 2022ASI-063 3134.60 31346 30.48 97595.53 33.42 7.57 15.67 6.70 -0.87 -0.13 -0.74 0.00
5321 2022ASI-063 3134.70 31347 30.48 97595.53 33.42 7.55 15.67 6.71 -0.87 -0.13 -0.74 0.00
5322 2022ASI-063 3134.80 31348 30.48 97595.53 33.42 7.56 15.67 6.71 -0.87 -0.13 -0.74 0.00
5323 2022ASI-063 3134.90 31349 30.48 97595.53 33.42 7.56 15.67 6.71 -0.87 -0.13 -0.74 0.00
5324 2022ASI-063 3135.00 31350 30.48 97595.53 33.42 7.56 15.67 6.71 -0.87 -0.13 -0.74 0.00
5325 2022ASI-063 3135.10 31351 30.45 97595.88 33.42 7.56 15.68 6.68 -0.87 -0.13 -0.74 -0.30
5326 2022ASI-063 3135.20 31352 30.45 97595.88 33.42 7.55 15.67 6.70 -0.87 -0.13 -0.74 0.00
5327 2022ASI-063 3135.30 31353 30.45 97595.88 33.42 7.57 15.69 6.69 -0.87 -0.13 -0.74 0.00
5328 2022ASI-063 3135.40 31354 30.43 97596.05 33.42 7.57 15.69 6.71 -0.87 -0.13 -0.74 -0.16
5329 2022ASI-063 3135.50 31355 30.43 97596.05 33.42 7.57 15.67 6.70 -0.87 -0.13 -0.74 0.00
5330 2022ASI-063 3135.60 31356 30.43 97596.05 33.42 7.55 15.68 6.71 -0.87 -0.13 -0.74 0.00
5331 2022ASI-063 3135.70 31357 30.42 97596.23 33.42 7.57 15.67 6.69 -0.87 -0.13 -0.74 -0.15
5332 2022ASI-063 3135.80 31358 30.42 97596.23 33.42 7.55 15.69 6.70 -0.87 -0.13 -0.74 0.00
5333 2022ASI-063 3135.90 31359 30.42 97596.23 33.42 7.58 15.66 6.70 -0.87 -0.13 -0.74 0.00
5334 2022ASI-063 3136.00 31360 30.42 97596.23 33.42 7.56 15.68 6.70 -0.87 -0.13 -0.74 0.00
5335 2022ASI-063 3136.10 31361 30.42 97596.23 33.42 7.57 15.67 6.68 -0.87 -0.13 -0.74 0.00
5336 2022ASI-063 3136.20 31362 30.42 97596.23 33.42 7.57 15.66 6.69 -0.87 -0.13 -0.74 0.00